Component,No. of Full Grants,No. of Full Denials,Number of Full Denials Based on Reasons Other than Exemptions - No Records,Number of Full Denials Based on Reasons Other than Exemptions - All Records Referred,Number of Full Denials Based on Reasons Other than Exemptions - Request Withdrawn,Number of Full Denials Based on Reasons Other than Exemptions - Fee-Related Reason,Number of Full Denials Based on Reasons Other than Exemptions - Not Reasonably Described,Number of Full Denials Based on Reasons Other than Exemptions - Improper FOIA Request,Number of Full Denials Based on Reasons Other than Exemptions - Not Agency Record,Number of Full Denials Based on Reasons Other than Exemptions - Duplicate Request,Number of Full Denials Based on Reasons Other than Exemptions - Other,Total,
FO,570,73,12,77,90,123,83,83,88,7,85,382,1673
HQ,159,124,16,179,84,78,51,46,54,44,90,239,1164
IG,35,119,39,9,20,5,0,0,2,0,0,0,229
Total,764,316,67,265,194,206,134,129,144,51,175,621,3066
