Component,No. of Full Grants,No. of Full Denials,Number of Full Denials Based on Reasons Other than Exemptions - No Records,Number of Full Denials Based on Reasons Other than Exemptions - All Records Referred,Number of Full Denials Based on Reasons Other than Exemptions - Request Withdrawn,Number of Full Denials Based on Reasons Other than Exemptions - Fee-Related Reason,Number of Full Denials Based on Reasons Other than Exemptions - Not Reasonably Described,Number of Full Denials Based on Reasons Other than Exemptions - Improper FOIA Request,Number of Full Denials Based on Reasons Other than Exemptions - Not Agency Record,Number of Full Denials Based on Reasons Other than Exemptions - Duplicate Request,Number of Full Denials Based on Reasons Other than Exemptions - Other,Total,
FO,332,266,89,206,76,154,91,74,88,82,95,107,1660
HQ,351,151,25,185,49,60,41,35,28,13,21,175,1134
IG,14,99,35,49,0,13,12,11,8,0,14,0,255
Total,697,516,149,440,125,227,144,120,124,95,130,282,3049
