Component,No. of Full Grants,No. of Full Denials,Number of Full Denials Based on Reasons Other than Exemptions - No Records,Number of Full Denials Based on Reasons Other than Exemptions - All Records Referred,Number of Full Denials Based on Reasons Other than Exemptions - Request Withdrawn,Number of Full Denials Based on Reasons Other than Exemptions - Fee-Related Reason,Number of Full Denials Based on Reasons Other than Exemptions - Not Reasonably Described,Number of Full Denials Based on Reasons Other than Exemptions - Improper FOIA Request,Number of Full Denials Based on Reasons Other than Exemptions - Not Agency Record,Number of Full Denials Based on Reasons Other than Exemptions - Duplicate Request,Number of Full Denials Based on Reasons Other than Exemptions - Other,Total,
PS,399,165,396,248,80,76,44,81,98,6,18,0,1611
OIG,18,231,21,79,28,31,0,0,29,66,3,1,507
PIS,18,146,17,58,52,4,3,3,66,1,3,0,371
Total,435,542,434,385,160,111,47,84,193,73,24,1,2489
