Component,,10th,9th,8th,7th,6th,5th,4th,3rd,2nd,Oldest Appeal
SEC,Date of Receipt,2011-06-07,2011-05-24,2011-05-19,2011-04-06,2011-04-04,2010-12-28,2010-11-22,2010-10-08,2010-07-08,2010-06-16
SEC,Number of Days Pending,81,90,93,124,126,192,216,245,310,325
