Component,Number of Requests Received - Number of Received During Fiscal Year From Last Year's Annual Report,Number of Requests Received - Number of Received During Fiscal Year From Last Year's Curren Report,Number of Requests Processed - Number of Received During Fiscal Year From Last Year's Annual Report,Number of Requests Processed - Number of Received During Fiscal Year From Last Year's Current Report,
FFIEC,24,22,24,22,
Total,24,22,24,22,
