Year,Agency,Component,Number of consultations Received from Other Agencies that Were Pending at Your Agency as of Start of the Fiscal Year,Number of consultations Received from Other Agencies During the Fiscal Year,Number of consultations Received from Other Agencies that Were Processed by Your Agency During the Fiscal Year,Number of consultations Received from Other Agencies that Were Pending at Your Agency as of End of the Fiscal Year
2008,CEQ,CEQ,0,5,5,0
2008,CFTC,CFTC,0,1,0,1
2008,CNCS,CNCS,0,0,0,0
2008,CPPBSD,CPPBSD,0,0,0,0
2008,CSB,CSB,0,0,0,0
2008,DHS,CBP,1,29,27,3
2008,DHS,CRCL,1,3,2,2
2008,DHS,FEMA,0,8,6,2
2008,DHS,FLETC,0,1,1,0
2008,DHS,I&A,0,1,1,0
2008,DHS,ICE,0,118,116,2
2008,DHS,MGMT,0,6,6,0
2008,DHS,NPPD,0,1,1,0
2008,DHS,OGC,1,2,0,3
2008,DHS,OIG,0,1,1,0
2008,DHS,OPS,1,6,7,0
2008,DHS,PLCY,0,2,2,0
2008,DHS,PRIV,0,14,12,2
2008,DHS,S&T,0,2,2,0
2008,DHS,TSA,1,13,13,1
2008,DHS,US-VISIT,0,0,0,0
2008,DHS,USCG,3,11,7,7
2008,DHS,USCIS,18,45,47,16
2008,DHS,USSS,0,0,0,0
2008,DNFSB,OGC,0,0,0,0
2008,DNFSB,OGM,0,0,0,0
2008,DOC,BIS,0,18,13,5
2008,DOC,Census,0,0,0,0
2008,DOC,EDA,0,0,0,0
2008,DOC,ESA,0,0,0,0
2008,DOC,ITA,0,19,19,0
2008,DOC,MBDA,0,0,0,0
2008,DOC,NIST,0,3,3,0
2008,DOC,NOAA,0,0,0,0
2008,DOC,NTIA,0,1,1,0
2008,DOC,NTIS,0,1,1,0
2008,DOC,OIG,0,0,0,0
2008,DOC,OS,0,2,2,0
2008,DOC,PTO,0,20,20,0
2008,DoD,AF,0,0,0,0
2008,DoD,ARMY,80,191,193,78
2008,DoD,ASBCA,0,0,0,0
2008,DoD,CENTCOM,0,5,0,5
2008,DoD,DCAA,0,0,0,0
2008,DoD,DCMA,0,1,1,0
2008,DoD,DeCA,0,0,0,0
2008,DoD,DFAS,0,7,7,0
2008,DoD,DIA,268,149,155,262
2008,DoD,DISA,0,1,0,1
2008,DoD,DLA,0,0,0,0
2008,DoD,DoDEA,0,2,2,0
2008,DoD,DoDIG,0,2,2,0
2008,DoD,DSS,0,0,0,0
2008,DoD,DTIC,0,0,0,0
2008,DoD,DTRA,0,0,0,0
2008,DoD,EUCOM,0,2,0,2
2008,DoD,JFCOM,0,3,3,0
2008,DoD,NAVY,82,384,320,146
2008,DoD,NGA,98,80,35,143
2008,DoD,NORTHCOM,0,2,2,0
2008,DoD,NRO,0,3,1,2
2008,DoD,NSA,77,170,206,41
2008,DoD,OSD/JS,0,52,24,28
2008,DoD,PACOM,0,8,4,4
2008,DoD,SOCOM,17,10,14,13
2008,DoD,SOUTHCOM,0,0,0,0
2008,DoD,STRATCOM,0,1,1,0
2008,DoD,TRANSCOM,38,23,27,34
2008,DoD,TRICARE,0,0,0,0
2008,DOE,BPA,0,2,2,0
2008,DOE,CBFO,0,0,0,0
2008,DOE,CH,0,0,0,0
2008,DOE,EMCBC,0,0,0,0
2008,DOE,GFO,0,0,0,0
2008,DOE,HQ,150,145,171,124
2008,DOE,ID,0,0,0,0
2008,DOE,NETL,0,0,0,0
2008,DOE,NNSA/AL,1,7,3,5
2008,DOE,NR,0,0,0,0
2008,DOE,ORO,2,0,2,0
2008,DOE,OSTI,0,0,0,0
2008,DOE,PNSO,0,0,0,0
2008,DOE,RL,0,0,0,0
2008,DOE,SEPA,0,0,0,0
2008,DOE,SPR,0,0,0,0
2008,DOE,SROO,0,1,1,0
2008,DOE,SWPA,0,0,0,0
2008,DOE,WAPA,0,0,0,0
2008,DOI,BIA,0,0,0,0
2008,DOI,BLM,0,0,0,0
2008,DOI,BOR,0,3,3,0
2008,DOI,FWS,0,0,0,0
2008,DOI,MMS,0,0,0,0
2008,DOI,NPS,0,0,0,0
2008,DOI,OIG,0,0,0,0
2008,DOI,OS,0,8,8,0
2008,DOI,OSM,0,0,0,0
2008,DOI,SOL,0,0,0,0
2008,DOI,USGS,0,1,1,0
2008,DOJ,Office of the AG,4,4,7,1
2008,DOJ,Office of the DAG,1,1,1,1
2008,DOJ,Office of the Assoc. AG,0,0,0,0
2008,DOJ,Antitrust,0,0,0,0
2008,DOJ,ATF,0,1,0,1
2008,DOJ,BOP,0,2,2,0
2008,DOJ,Civil,0,9,9,0
2008,DOJ,Civil Rights,0,0,0,0
2008,DOJ,COPS,0,0,0,0
2008,DOJ,Criminal,50,45,69,26
2008,DOJ,CRS,0,0,0,0
2008,DOJ,DEA,21,28,34,15
2008,DOJ,ENRD,0,4,4,0
2008,DOJ,EOIR,0,2,2,0
2008,DOJ,EOUSA,0,23,17,6
2008,DOJ,EOUST,0,1,1,0
2008,DOJ,FBI,97,1288,1148,237
2008,DOJ,FCSC,0,1,1,0
2008,DOJ,JMD,2,2,4,0
2008,DOJ,NDIC,0,0,0,0
2008,DOJ,NSD,0,5,3,2
2008,DOJ,ODR,0,0,0,0
2008,DOJ,OFDT,0,2,2,0
2008,DOJ,OIG,0,1,1,0
2008,DOJ,OIP,0,2,2,0
2008,DOJ,OIPL,0,0,0,0
2008,DOJ,OJP,0,2,1,1
2008,DOJ,OLA,0,0,0,0
2008,DOJ,OLC,0,0,0,0
2008,DOJ,OLP,0,0,0,0
2008,DOJ,OPR,0,5,5,0
2008,DOJ,OSG,0,0,0,0
2008,DOJ,OVW,0,0,0,0
2008,DOJ,Pardon Attorney,0,0,0,0
2008,DOJ,Public Affairs,0,0,0,0
2008,DOJ,PRAO,0,0,0,0
2008,DOJ,TAX,0,0,0,0
2008,DOJ,USMS,0,10,10,0
2008,DOJ,USNCB,0,0,0,0
2008,DOJ,USPC,0,0,0,0
2008,DOT,FAA,0,0,0,0
2008,DOT,FHWA,0,0,0,0
2008,DOT,FMCSA,0,0,0,0
2008,DOT,FRA,0,0,0,0
2008,DOT,FTA,0,1,1,0
2008,DOT,MARAD,0,0,0,0
2008,DOT,NHTSA,0,0,0,0
2008,DOT,OIG,0,0,0,0
2008,DOT,OST,25,8,32,1
2008,DOT,PHMSA,0,0,0,0
2008,DOT,RITA,0,1,1,0
2008,DOT,SLSDC,0,0,0,0
2008,EPA,HQ,5,31,23,13
2008,Ex-Im Bank,Ex-Im Bank,0,4,4,0
2008,FCA,FCA,0,0,0,0
2008,FCC,FCC,0,0,0,0
2008,FCSIC,FCSIC,0,0,0,0
2008,FDIC,FDIC,0,1,1,0
2008,FEC,FEC,0,0,0,0
2008,FERC,FERC,0,0,0,0
2008,FFIEC,FFIEC,0,0,0,0
2008,FLRA,FLRA,0,0,0,0
2008,FMCS,FMCS,0,0,0,0
2008,FMSHRC,FMSHRC,0,0,0,0
2008,FOMC,FOMC,0,0,0,0
2008,FRB,FRB,0,0,0,0
2008,FTC,FTC,0,0,0,0
2008,GSA,GSA,0,0,0,0
2008,HHS,ACF,0,4,4,0
2008,HHS,AOA,0,0,0,0
2008,HHS,CMS,0,0,0,0
2008,HHS,OIG,0,2,2,0
2008,HHS,OPHS,0,0,0,0
2008,HHS,AHRQ,0,0,0,0
2008,HHS,CDC,0,0,0,0
2008,HHS,FDA,0,10,10,0
2008,HHS,HRSA,0,0,0,0
2008,HHS,IHS,0,0,0,0
2008,HHS,NIH,0,3,3,0
2008,HHS,SAMHSA,0,0,0,0
2008,HHS,OS,1,0,1,0
2008,HUD,FO,0,0,0,0
2008,HUD,HQ,0,1,1,0
2008,HUD,IG,0,0,0,0
2008,IAF,IAF,0,0,0,0
2008,IMLS,IMLS,0,0,0,0
2008,MSPB,MSPB,0,0,0,0
2008,NARA,NARA,0,0,0,0
2008,NASA,HQS,0,23,0,23
2008,NCUA,NCUA,0,0,0,0
2008,NEH,NEH,0,0,0,0
2008,NMB,NMB,0,0,0,0
2008,NRPC,NRPC,0,1,0,1
2008,NSF,Foundation,1,1,2,0
2008,NSF,OIG,0,0,0,0
2008,OGE,OGE,0,0,0,0
2008,OMB,OMB,0,24,24,0
2008,ONDCP,OLC,0,0,0,0
2008,OPIC,OPIC,0,1,1,0
2008,OPM,OPM,0,6,5,1
2008,OSHRC,OSHRC,0,0,0,0
2008,OSTP,OSTP,0,0,0,0
2008,SBA,SBA,0,0,0,0
2008,SEC,HQ,0,6,6,0
2008,SSA,SSA,0,0,0,0
2008,SSS,SSS,0,0,0,0
2008,State,DoS,745,1676,1652,769
2008,State,OIG,0,0,0,0
2008,STB,STB,0,0,0,0
2008,Treasury,BEP,0,1,1,0
2008,Treasury,BPD,0,0,0,0
2008,Treasury,DO,0,21,15,6
2008,Treasury,FinCEN,0,1,1,0
2008,Treasury,FMS,0,53,52,1
2008,Treasury,IRS,0,17,17,0
2008,Treasury,MINT,0,1,1,0
2008,Treasury,OCC,0,0,0,0
2008,Treasury,OTS,0,0,0,0
2008,Treasury,TIGTA,0,3,2,1
2008,Treasury,TTB,0,0,0,0
2008,TVA,TVA,0,1,1,0
2008,U.S. CPSC,U.S. CPSC,0,1,1,0
2008,U.S. DOL,ADJ BDS,0,0,0,0
2008,U.S. DOL,ALJ,0,0,0,0
2008,U.S. DOL,ASP,0,0,0,0
2008,U.S. DOL,BLS,0,2,2,0
2008,U.S. DOL,CFO,0,0,0,0
2008,U.S. DOL,EBSA,0,0,0,0
2008,U.S. DOL,ESA,0,0,0,0
2008,U.S. DOL,ETA,0,0,0,0
2008,U.S. DOL,ILAB,0,0,0,0
2008,U.S. DOL,JOB CORP,0,0,0,0
2008,U.S. DOL,MSHA,0,0,0,0
2008,U.S. DOL,OASAM,0,0,0,0
2008,U.S. DOL,OCIA,0,0,0,0
2008,U.S. DOL,ODEP,0,0,0,0
2008,U.S. DOL,OIG,1,4,5,0
2008,U.S. DOL,OPA,0,0,0,0
2008,U.S. DOL,OSBP,0,0,0,0
2008,U.S. DOL,OSHA,0,7,7,0
2008,U.S. DOL,SOL,0,0,0,0
2008,U.S. DOL,VETS,2,0,2,0
2008,U.S. DOL,WB,0,0,0,0
2008,US RRB,OIG,0,0,0,0
2008,US RRB,RRB,0,1,1,0
2008,USIBWC,USIBWC,0,1,1,0
2008,USITC,USITC,0,0,0,0
2008,USNRC,USNRC,0,1,1,0
2008,VA,A&MM (049),0,0,0,0
2008,VA,Admin (03),0,0,0,0
2008,VA,BVA (01),0,0,0,0
2008,VA,OC&LA (009),0,0,0,0
2008,VA,OCFM (00CFM),0,0,0,0
2008,VA,ODM&EEO (06),0,0,0,0
2008,VA,GC (02),0,0,0,0
2008,VA,OHRM (05),0,0,0,0
2008,VA,IG (50),0,0,0,0
2008,VA,NCA (40),0,0,0,0
2008,VA,OASHRA (006),0,0,0,0
2008,VA,OASP&IA (002),0,0,0,0
2008,VA,ODASB (041),0,0,0,0
2008,VA,ODASIA (075),0,0,0,0
2008,VA,OF (047),0,0,0,0
2008,VA,OI&T (005),0,0,0,0
2008,VA,MGMT (004),0,0,0,0
2008,VA,ORM (08),0,0,0,0
2008,VA,OSDBU (00SB),0,0,0,0
2008,VA,P&P (008),0,0,0,0
2008,VA,PA (80),0,0,0,0
2008,VA,S&LE (07),0,1,1,0
2008,VA,SEC (00),0,0,0,0
2008,VA,VBA (20),0,2,2,0
2008,VA,VCS (785),0,0,0,0
2008,VA,VHA (10),0,1,1,0
2009,CEQ,CEQ,0,1,1,0
2009,CFTC,CFTC,0,0,0,0
2009,CIA,CIA,332,895,1032,195
2009,CNCS,CNCS (OGC),0,1,1,0
2009,CO,CO,0,0,0,0
2009,CPPBSD,CPPBSD,0,0,0,0
2009,CSB,CSB,0,0,0,0
2009,DHS,CBP,3,43,46,0
2009,DHS,CRCL,2,2,2,2
2009,DHS,FEMA,10,18,15,13
2009,DHS,FLETC,0,1,1,0
2009,DHS,I&A,0,28,16,12
2009,DHS,ICE,0,205,205,0
2009,DHS,MGMT,0,9,5,4
2009,DHS,NPPD,1,22,21,2
2009,DHS,OGC,0,3,0,3
2009,DHS,OIG,0,6,6,0
2009,DHS,OPS,0,7,7,0
2009,DHS,PLCY,0,8,7,1
2009,DHS,PRIV,3,11,13,1
2009,DHS,S&T,0,13,12,1
2009,DHS,TSA,2,25,22,5
2009,DHS,US-VISIT,2,14,15,1
2009,DHS,USCG,7,27,30,4
2009,DHS,USCIS,17,66,72,11
2009,DHS,USSS,0,2,2,0
2009,DNFSB,OGC,0,0,0,0
2009,DNFSB,OGM,0,0,0,0
2009,DOC,BIS,5,12,15,2
2009,DOC,Census,0,0,0,0
2009,DOC,EDA,0,0,0,0
2009,DOC,ESA,0,1,1,0
2009,DOC,ITA,0,25,14,11
2009,DOC,MBDA,0,0,0,0
2009,DOC,NIST,0,2,2,0
2009,DOC,NOAA,0,0,0,0
2009,DOC,NTIA,0,0,0,0
2009,DOC,NTIS,0,0,0,0
2009,DOC,OIG,0,0,0,0
2009,DOC,OS,0,6,6,0
2009,DOC,PTO,0,2,2,0
2009,DoD,AF,5,68,48,25
2009,DoD,AFRICOM,0,0,0,0
2009,DoD,ARMY,25,244,229,40
2009,DoD,ASBCA,0,0,0,0
2009,DoD,CENTCOM,5,63,18,50
2009,DoD,DCAA,0,1,1,0
2009,DoD,DCMA,0,2,2,0
2009,DoD,DeCA,0,0,0,0
2009,DoD,DFAS,0,0,0,0
2009,DoD,DIA,265,149,117,297
2009,DoD,DISA,1,6,1,6
2009,DoD,DLA,0,9,9,0
2009,DoD,DoDEA,0,0,0,0
2009,DoD,DoDIG,1,2,1,2
2009,DoD,DSS,0,0,0,0
2009,DoD,DTIC,0,0,0,0
2009,DoD,DTRA,0,4,2,2
2009,DoD,EUCOM,3,13,1,15
2009,DoD,JFCOM,5,18,6,17
2009,DoD,NAVY,99,209,208,100
2009,DoD,NGA,5,5,6,4
2009,DoD,NGB,0,0,0,0
2009,DoD,NORTHCOM,0,0,0,0
2009,DoD,NRO,2,8,7,3
2009,DoD,NSA,41,150,160,31
2009,DoD,OSD/JS,28,147,93,82
2009,DoD,PACOM,5,37,31,11
2009,DoD,SOCOM,22,48,43,27
2009,DoD,SOUTHCOM,3,5,7,1
2009,DoD,STRATCOM,0,0,0,0
2009,DoD,TRANSCOM,35,11,22,24
2009,DoD,TRICARE,0,4,4,0
2009,DOE,BPA,0,0,0,0
2009,DOE,CBFO,0,0,0,0
2009,DOE,CH,0,0,0,0
2009,DOE,EMCBC,0,0,0,0
2009,DOE,GFO,0,0,0,0
2009,DOE,HQ,104,174,192,86
2009,DOE,ID,0,0,0,0
2009,DOE,NETL,0,0,0,0
2009,DOE,NNSA/AL,5,0,5,0
2009,DOE,NR,0,0,0,0
2009,DOE,ORO,0,0,0,0
2009,DOE,OSTI,0,0,0,0
2009,DOE,PNSO,0,0,0,0
2009,DOE,RL,0,1,1,0
2009,DOE,SEPA,0,0,0,0
2009,DOE,SPR,0,0,0,0
2009,DOE,SROO,0,0,0,0
2009,DOE,SWPA,0,0,0,0
2009,DOE,WAPA,0,0,0,0
2009,DOI,BIA,0,0,0,0
2009,DOI,BLM,0,0,0,0
2009,DOI,BOR,0,0,0,0
2009,DOI,FWS,0,0,0,0
2009,DOI,MMS,0,0,0,0
2009,DOI,NPS,0,0,0,0
2009,DOI,OIG,0,0,0,0
2009,DOI,OS,0,8,7,1
2009,DOI,OSM,0,0,0,0
2009,DOI,SOL,0,0,0,0
2009,DOI,USGS,0,1,1,0
2009,DOJ,Office of the AG,1,3,1,3
2009,DOJ,Office of the DAG,1,3,2,2
2009,DOJ,Office of the Assoc. AG,0,0,0,0
2009,DOJ,Antitrust,0,5,3,2
2009,DOJ,ATF,1,0,1,0
2009,DOJ,BOP,0,5,5,0
2009,DOJ,Civil,0,5,3,2
2009,DOJ,Civil Rights,0,4,4,0
2009,DOJ,COPS,0,2,2,0
2009,DOJ,Criminal,26,18,38,6
2009,DOJ,CRS,0,2,2,0
2009,DOJ,DEA,22,36,41,17
2009,DOJ,ENRD,0,4,4,0
2009,DOJ,EOIR,0,3,3,0
2009,DOJ,EOUSA,5,29,25,9
2009,DOJ,EOUST,0,2,2,0
2009,DOJ,FBI,237,1052,1152,137
2009,DOJ,FCSC,0,2,2,0
2009,DOJ,JMD,1,2,2,1
2009,DOJ,NDIC,0,0,0,0
2009,DOJ,NSD,2,13,7,8
2009,DOJ,ODR,0,0,0,0
2009,DOJ,OFDT,0,2,2,0
2009,DOJ,OIG,0,2,2,0
2009,DOJ,OIP,0,1,1,0
2009,DOJ,OIPL,0,0,0,0
2009,DOJ,OJP,1,0,0,1
2009,DOJ,OLA,0,0,0,0
2009,DOJ,OLC,0,6,6,0
2009,DOJ,OLP,0,1,1,0
2009,DOJ,OPR,0,1,1,0
2009,DOJ,OSG,0,0,0,0
2009,DOJ,OVW,0,0,0,0
2009,DOJ,Pardon Attorney,0,4,4,0
2009,DOJ,Public Affairs,0,0,0,0
2009,DOJ,PRAO,0,1,1,0
2009,DOJ,TAX,0,0,0,0
2009,DOJ,USMS,0,9,9,0
2009,DOJ,USNCB,0,0,0,0
2009,DOJ,USPC,0,3,3,0
2009,DOT,FAA,0,2,1,1
2009,DOT,FHWA,0,1,1,0
2009,DOT,FMCSA,0,0,0,0
2009,DOT,FRA,0,0,0,0
2009,DOT,FTA,0,0,0,0
2009,DOT,MARAD,0,0,0,0
2009,DOT,NHTSA,0,0,0,0
2009,DOT,OIG,0,0,0,0
2009,DOT,OST,1,4,5,0
2009,DOT,PHMSA,0,0,0,0
2009,DOT,RITA,0,0,0,0
2009,DOT,SLSDC,0,0,0,0
2009,EPA,HQ,13,53,55,11
2009,Ex-Im Bank,AGENCY,0,2,2,0
2009,FCA,FCA,0,0,0,0
2009,FCC,FCC,0,0,0,0
2009,FCSIC,FCSIC,0,0,0,0
2009,FDIC,FDIC,0,4,3,1
2009,FEC,FEC,0,0,0,0
2009,FERC,FERC,0,1,1,0
2009,FFIEC,FFIEC,0,0,0,0
2009,FHFA,FHFA,0,0,0,0
2009,FLRA,FLRA,0,0,0,0
2009,FMCS,FMCS,0,0,0,0
2009,FMSHRC,FMSHRC,0,0,0,0
2009,FOMC,FOMC,0,0,0,0
2009,FRB,FRB,0,1,1,0
2009,FTC,FTC,0,0,0,0
2009,HHS,ACF,0,0,0,0
2009,HHS,AOA,0,0,0,0
2009,HHS,CMS,0,0,0,0
2009,HHS,OIG,0,0,0,0
2009,HHS,OPHS,0,0,0,0
2009,HHS,AHRQ,0,1,1,0
2009,HHS,CDC,0,0,0,0
2009,HHS,FDA,0,13,13,0
2009,HHS,HRSA,0,0,0,0
2009,HHS,IHS,0,0,0,0
2009,HHS,NIH,0,1,0,1
2009,HHS,SAMHSA,0,0,0,0
2009,HHS,OS,0,0,0,0
2009,HUD,FO,0,0,0,0
2009,HUD,HQ,0,1,1,0
2009,HUD,IG,0,1,1,0
2009,IAF,IAF,0,0,0,0
2009,IMLS,IMLS,0,0,0,0
2009,MSPB,MSPB,0,0,0,0
2009,NARA,NARA,0,0,0,0
2009,NASA,HQS,0,23,0,23
2009,NCUA,NCUA,0,0,0,0
2009,NEH,NEH,0,0,0,0
2009,NIGC,NIGC,0,0,0,0
2009,NMB,NMB,0,0,0,0
2009,NRPC,NRPC,0,0,0,0
2009,NSF,Foundation,0,0,0,0
2009,NSF,OIG,0,0,0,0
2009,OGE,OGE,0,0,0,0
2009,OMB,OMB,0,27,24,3
2009,ONDCP,OLC,0,0,0,0
2009,OPIC,OPIC,0,3,3,0
2009,OPM,OPM,1,1,2,0
2009,OSHRC,OSHRC,0,0,0,0
2009,OSTP,OSTP,1,5,6,0
2009,PRC,PRC,0,0,0,0
2009,SBA,SBA,0,0,0,0
2009,SEC,HQ,0,0,0,0
2009,SIGIR,SIGIR,0,0,0,0
2009,SSA,SSA,0,0,0,0
2009,SSS,SSS,0,0,0,0
2009,State,DoS,773,6014,2336,4451
2009,State,OIG,0,0,0,0
2009,STB,STB,0,0,0,0
2009,Treasury,BEP,0,0,0,0
2009,Treasury,BPD,0,0,0,0
2009,Treasury,DO,0,19,13,6
2009,Treasury,FinCEN,0,3,3,0
2009,Treasury,FMS,1,24,24,1
2009,Treasury,IRS,0,47,47,0
2009,Treasury,MINT,0,0,0,0
2009,Treasury,OCC,0,0,0,0
2009,Treasury,OTS,0,0,0,0
2009,Treasury,TIGTA,1,2,2,1
2009,Treasury,TTB,0,0,0,0
2009,TVA,TVA,0,0,0,0
2009,U.S. CPSC,U.S. CPSC,0,0,0,0
2009,U.S. DOL,ADJ BDS,0,0,0,0
2009,U.S. DOL,ALJ,0,0,0,0
2009,U.S. DOL,ASP,0,0,0,0
2009,U.S. DOL,BLS,0,0,0,0
2009,U.S. DOL,CFO,0,0,0,0
2009,U.S. DOL,EBSA,0,7,5,2
2009,U.S. DOL,ESA - OFCCP,0,2,2,0
2009,U.S. DOL,ESA - OLMS,0,12,10,2
2009,U.S. DOL,ESA - OMAP,0,0,0,0
2009,U.S. DOL,ESA - OWCP,0,0,0,0
2009,U.S. DOL,ESA - WHD,0,10,10,0
2009,U.S. DOL,ETA,0,7,6,1
2009,U.S. DOL,ILAB,0,0,0,0
2009,U.S. DOL,JOB CORP,0,0,0,0
2009,U.S. DOL,MSHA,0,0,0,0
2009,U.S. DOL,OASAM,0,0,0,0
2009,U.S. DOL,OCIA,0,0,0,0
2009,U.S. DOL,ODEP,0,0,0,0
2009,U.S. DOL,OIG,0,2,2,0
2009,U.S. DOL,OPA,0,0,0,0
2009,U.S. DOL,OSBP,0,0,0,0
2009,U.S. DOL,OSHA,0,23,23,0
2009,U.S. DOL,SOL,0,5,4,1
2009,U.S. DOL,VETS,0,0,0,0
2009,U.S. DOL,WB,0,0,0,0
2009,US RRB,OIG,0,0,0,0
2009,US RRB,RRB,0,0,0,0
2009,USITC,USITC,0,0,0,0
2009,USNRC,USNRC,0,3,3,0
2009,VA,Admin,0,0,0,0
2009,VA,BVA,0,0,0,0
2009,VA,C&LA,0,1,0,1
2009,VA,CFM,0,0,0,0
2009,VA,GC,0,1,1,0
2009,VA,HRM,0,0,0,0
2009,VA,IG,0,0,0,0
2009,VA,Mgmt,0,0,0,0
2009,VA,NCA,0,0,0,0
2009,VA,OAL,0,0,0,0
2009,VA,OASP&IA,0,0,0,0
2009,VA,ODASB,0,0,0,0
2009,VA,ODASIA,0,0,0,0
2009,VA,ODI,0,0,0,0
2009,VA,OF,0,0,0,0
2009,VA,OI&T,0,0,0,0
2009,VA,ORM,0,0,0,0
2009,VA,OSDBU,0,0,0,0
2009,VA,OSP,0,3,3,0
2009,VA,P&P,0,0,0,0
2009,VA,PA,0,0,0,0
2009,VA,SEC,0,0,0,0
2009,VA,VBA,0,2,0,2
2009,VA,VCS,0,0,0,0
2009,VA,VHA,0,2,1,1
2010,ABMC,ABMC,0,0,0,0
2010,ACUS,ACUS,0,0,0,0
2010,BBG,BBG,0,0,0,0
2010,CEQ,CEQ,0,6,3,3
2010,CFTC,CFTC,0,0,0,0
2010,CIA,CIA,199,1109,1048,260
2010,CIGIE,CIGIE,0,0,0,0
2010,CNCS,CNCS,0,5,5,0
2010,CO,CO,0,1,1,0
2010,CPPBSD,CPPBSD,0,0,0,0
2010,CSB,CSB,0,0,0,0
2010,CSOSA,HQ,0,0,0,0
2010,DHS,CBP,0,35,31,4
2010,DHS,CRCL,0,5,5,0
2010,DHS,FEMA,17,24,25,16
2010,DHS,FLETC,0,3,3,0
2010,DHS,I&A,5,12,15,2
2010,DHS,ICE,0,171,171,0
2010,DHS,MGMT,4,5,8,1
2010,DHS,NPPD,0,29,29,0
2010,DHS,OGC,0,1,1,0
2010,DHS,OIG,0,3,3,0
2010,DHS,OPS,0,5,5,0
2010,DHS,PLCY,6,14,20,0
2010,DHS,PRIV,3,18,21,0
2010,DHS,S&T,1,21,21,1
2010,DHS,TSA,5,36,20,21
2010,DHS,US-VISIT,0,12,12,0
2010,DHS,USCG,4,33,24,13
2010,DHS,USCIS,9,88,96,1
2010,DHS,USSS,0,14,7,7
2010,DNFSB,OGC,0,0,0,0
2010,DNFSB,OGM,0,1,1,0
2010,DOC,BIS,2,17,19,0
2010,DOC,Census,0,1,1,0
2010,DOC,EDA,0,0,0,0
2010,DOC,ESA,0,1,1,0
2010,DOC,ITA,11,5,16,0
2010,DOC,MBDA,0,0,0,0
2010,DOC,NIST,0,5,5,0
2010,DOC,NOAA,0,0,0,0
2010,DOC,NTIA,0,2,2,0
2010,DOC,NTIS,0,0,0,0
2010,DOC,OIG,0,5,3,2
2010,DOC,OS,0,1,0,1
2010,DOC,PTO,0,0,0,0
2010,DoD,AF,25,113,106,32
2010,DoD,AFRICOM,0,0,0,0
2010,DoD,ARMY,40,201,225,16
2010,DoD,ASBCA,0,0,0,0
2010,DoD,CENTCOM,50,71,87,34
2010,DoD,DCAA,0,1,1,0
2010,DoD,DCMA,0,0,0,0
2010,DoD,DeCA,0,0,0,0
2010,DoD,DFAS,0,1,0,1
2010,DoD,DIA,297,136,106,327
2010,DoD,DISA,6,3,8,1
2010,DoD,DLA,0,10,10,0
2010,DoD,DoDEA,0,0,0,0
2010,DoD,DoDIG,2,14,15,1
2010,DoD,DSS,0,0,0,0
2010,DoD,DTIC,0,0,0,0
2010,DoD,DTRA,2,8,10,0
2010,DoD,EUCOM,9,1,8,2
2010,DoD,JFCOM,20,18,34,4
2010,DoD,NAVY,100,387,400,87
2010,DoD,NGA,4,35,0,39
2010,DoD,NGB,0,0,0,0
2010,DoD,NORTHCOM,0,0,0,0
2010,DoD,NRO,3,31,26,8
2010,DoD,NSA,31,184,161,54
2010,DoD,OSD/JS,309,191,132,368
2010,DoD,PACOM,11,15,22,4
2010,DoD,SOCOM,35,48,63,20
2010,DoD,SOUTHCOM,1,39,24,16
2010,DoD,STRATCOM,0,7,6,1
2010,DoD,TRANSCOM,24,8,20,12
2010,DoD,TRICARE,0,6,5,1
2010,DOE,BPA,0,1,1,0
2010,DOE,CBFO,0,0,0,0
2010,DOE,CH,0,0,0,0
2010,DOE,EMCBC,0,0,0,0
2010,DOE,GFO,0,0,0,0
2010,DOE,HQ,86,152,158,80
2010,DOE,ID,0,0,0,0
2010,DOE,NETL,0,0,0,0
2010,DOE,NNSA,0,0,0,0
2010,DOE,NR,0,0,0,0
2010,DOE,NRLFO,0,0,0,0
2010,DOE,ORO,0,75,75,0
2010,DOE,OSTI,0,0,0,0
2010,DOE,ROO,0,0,0,0
2010,DOE,SEPA,0,0,0,0
2010,DOE,SPR,0,0,0,0
2010,DOE,SRO,0,9,9,0
2010,DOE,SWPA,0,0,0,0
2010,DOE,WAPA,0,0,0,0
2010,DOI,BIA,0,0,0,0
2010,DOI,BLM,0,0,0,0
2010,DOI,BOEMRE,0,0,0,0
2010,DOI,BOR,0,0,0,0
2010,DOI,FWS,0,0,0,0
2010,DOI,NPS,0,0,0,0
2010,DOI,OIG,0,0,0,0
2010,DOI,OS,1,2,1,2
2010,DOI,OSM,0,0,0,0
2010,DOI,SOL,0,0,0,0
2010,DOI,USGS,0,0,0,0
2010,DOJ,Office of the AG,6,4,7,3
2010,DOJ,Office of the DAG,4,7,7,4
2010,DOJ,Office of the Assoc. AG,0,0,0,0
2010,DOJ,Antitrust,2,0,2,0
2010,DOJ,ATF,0,0,0,0
2010,DOJ,BOP,0,0,0,0
2010,DOJ,Civil,1,10,11,0
2010,DOJ,Civil Rights,0,0,0,0
2010,DOJ,COPS,0,0,0,0
2010,DOJ,Criminal,7,12,18,1
2010,DOJ,CRS,0,0,0,0
2010,DOJ,DEA,20,57,50,27
2010,DOJ,ENRD,0,1,1,0
2010,DOJ,EOIR,0,0,0,0
2010,DOJ,EOUSA,9,34,35,8
2010,DOJ,EOUST,0,0,0,0
2010,DOJ,FBI,233,1355,1395,193
2010,DOJ,FCSC,0,1,0,1
2010,DOJ,JMD,1,4,3,2
2010,DOJ,NDIC,0,1,1,0
2010,DOJ,NSD,8,10,18,0
2010,DOJ,OCDETF,0,0,0,0
2010,DOJ,ODR,0,0,0,0
2010,DOJ,OFDT,0,0,0,0
2010,DOJ,OIG,0,0,0,0
2010,DOJ,OIP,0,1,0,1
2010,DOJ,OIPL,0,0,0,0
2010,DOJ,OJP,0,3,3,0
2010,DOJ,OLA,2,2,3,1
2010,DOJ,OLC,0,8,8,0
2010,DOJ,OLP,1,0,1,0
2010,DOJ,OPR,0,1,1,0
2010,DOJ,OSG,0,6,6,0
2010,DOJ,OVW,0,0,0,0
2010,DOJ,Pardon Attorney,0,0,0,0
2010,DOJ,Public Affairs,0,3,0,3
2010,DOJ,PRAO,0,2,2,0
2010,DOJ,TAX,0,0,0,0
2010,DOJ,USMS,0,12,12,0
2010,DOJ,USNCB,0,0,0,0
2010,DOJ,USPC,0,0,0,0
2010,DOT,FAA,1,0,0,1
2010,DOT,FHWA,0,1,1,0
2010,DOT,FMCSA,0,0,0,0
2010,DOT,FRA,0,0,0,0
2010,DOT,FTA,0,0,0,0
2010,DOT,MARAD,0,0,0,0
2010,DOT,NHTSA,0,0,0,0
2010,DOT,OIG,0,0,0,0
2010,DOT,OST,0,4,4,0
2010,DOT,PHMSA,0,0,0,0
2010,DOT,RITA,0,0,0,0
2010,DOT,SLSDC,0,0,0,0
2010,EEOC,OLC/HDQ,0,0,0,0
2010,EPA,HQ,11,44,28,27
2010,Ex-Im Bank,HQ,0,0,0,0
2010,FCA,FCA,0,0,0,0
2010,FCC,FCC,0,3,3,0
2010,FCSIC,FCSIC,0,0,0,0
2010,FDIC,FDIC,1,13,14,0
2010,FEC,FEC,0,0,0,0
2010,FERC,FERC,0,1,1,0
2010,FFIEC,FFIEC,0,0,0,0
2010,FHFA,FHFA,0,1,1,0
2010,FLRA,FLRA,0,0,0,0
2010,FMC,FMC,0,0,0,0
2010,FMCS,FMCS,0,1,1,0
2010,FMSHRC,FMSHRC,0,0,0,0
2010,FRB,FRB,0,2,2,0
2010,FTC,FTC,0,0,0,0
2010,GSA,GSA,0,0,0,0
2010,HHS,ACF,0,1,1,0
2010,HHS,CMS,0,0,0,0
2010,HHS,OIG,0,0,0,0
2010,HHS,AHRQ,0,0,0,0
2010,HHS,CDC,0,0,0,0
2010,HHS,FDA,0,13,13,0
2010,HHS,HRSA,0,0,0,0
2010,HHS,IHS,0,0,0,0
2010,HHS,NIH,1,1,2,0
2010,HHS,SAMHSA,0,0,0,0
2010,HHS,OS,0,0,0,0
2010,HHS,OPHS/PSC,0,3,3,0
2010,HUD,HQ,0,0,0,0
2010,HUD,OIG,0,0,0,0
2010,HUD,R01,0,0,0,0
2010,HUD,R02,0,0,0,0
2010,HUD,R03,0,0,0,0
2010,HUD,R04,0,0,0,0
2010,HUD,R05,0,0,0,0
2010,HUD,R06,0,0,0,0
2010,HUD,R07,0,0,0,0
2010,HUD,R08,0,0,0,0
2010,HUD,R09,0,0,0,0
2010,HUD,R0X,0,0,0,0
2010,IAF,IAF,0,0,0,0
2010,IMLS,IMLS,0,2,2,0
2010,LSC,LSC,0,0,0,0
2010,MCC,MCC,0,0,0,0
2010,MSPB,OCB,0,0,0,0
2010,NARA,NARA,0,0,0,0
2010,NASA,ARC,0,0,0,0
2010,NASA,DFRC,0,0,0,0
2010,NASA,GRC,0,0,0,0
2010,NASA,GSFC,0,0,0,0
2010,NASA,HQ,0,0,0,0
2010,NASA,JPL,0,0,0,0
2010,NASA,JSC,0,0,0,0
2010,NASA,KSC,0,0,0,0
2010,NASA,LaRC,0,0,0,0
2010,NASA,MSFC,0,0,0,0
2010,NASA,NSSC,0,0,0,0
2010,NASA,OGC,0,0,0,0
2010,NASA,OIG,0,0,0,0
2010,NASA,SSC,0,0,0,0
2010,NCPC,NCPC,0,0,0,0
2010,NCUA,NCUA,0,0,0,0
2010,NEA,NEA,0,1,1,0
2010,NEH,NEH,0,2,2,0
2010,NIGC,NIGC,0,0,0,0
2010,NLRB,NLRB,1,3,4,0
2010,NMB,NMB,0,1,1,0
2010,NRPC,NRPC,0,0,0,0
2010,NSF,OGC,0,1,1,0
2010,NSF,OIG,0,0,0,0
2010,NTSB,HQ,0,0,0,0
2010,ODNI,ODNI,0,6,2,4
2010,OGE,OGE,0,0,0,0
2010,OMB,OMB,3,30,31,2
2010,ONDCP,OLC,0,0,0,0
2010,ONHIR,ONHIR,0,0,0,0
2010,OPM,OPM,1,1,2,0
2010,OSC,OSC,0,0,0,0
2010,OSHRC,OSHRC,0,0,0,0
2010,OSTP,OSTP,0,5,3,2
2010,PBGC,PBGC,0,0,0,0
2010,PC,FOIA Office,0,1,0,1
2010,SBA,SBA,0,0,0,0
2010,SEC,HQ,0,0,0,0
2010,SIGAR,SIGAR,0,1,0,1
2010,SIGIR,SIGIR,0,1,1,0
2010,SSA,SSA,0,0,0,0
2010,SSS,SSS,0,0,0,0
2010,State,DoS,4444,24673,13838,15279
2010,State,OIG,0,0,0,0
2010,STB,STB,0,0,0,0
2010,Treasury,BEP,0,1,1,0
2010,Treasury,BPD,0,0,0,0
2010,Treasury,DO,6,23,18,11
2010,Treasury,FinCEN,0,4,4,0
2010,Treasury,FMS,1,47,47,1
2010,Treasury,IRS,0,66,60,6
2010,Treasury,MINT,0,0,0,0
2010,Treasury,OCC,0,0,0,0
2010,Treasury,OTS,0,0,0,0
2010,Treasury,TIGTA,0,3,2,1
2010,Treasury,TTB,0,0,0,0
2010,TVA,TVA,0,2,2,0
2010,U.S. CPSC,U.S. CPSC,0,0,0,0
2010,U.S. DOL,ADJ BDS,0,0,0,0
2010,U.S. DOL,ALJ,0,0,0,0
2010,U.S. DOL,ASP,0,0,0,0
2010,U.S. DOL,BLS,0,0,0,0
2010,U.S. DOL,CFO,0,0,0,0
2010,U.S. DOL,EBSA,0,0,0,0
2010,U.S. DOL,ETA,1,2,3,0
2010,U.S. DOL,ILAB,0,0,0,0
2010,U.S. DOL,MSHA,0,0,0,0
2010,U.S. DOL,OASAM,0,0,0,0
2010,U.S. DOL,OCIA,0,0,0,0
2010,U.S. DOL,ODEP,0,0,0,0
2010,U.S. DOL,OFCCP,0,0,0,0
2010,U.S. DOL,OIG,0,0,0,0
2010,U.S. DOL,OLMS,8,52,58,2
2010,U.S. DOL,OPA,0,0,0,0
2010,U.S. DOL,OSHA,5,30,28,7
2010,U.S. DOL,OWCP,0,0,0,0
2010,U.S. DOL,SOL,0,0,0,0
2010,U.S. DOL,VETS,0,0,0,0
2010,U.S. DOL,WB,0,0,0,0
2010,U.S. DOL,WHD,2,4,6,0
2010,US ADF,US ADF,0,0,0,0
2010,US RRB,OIG,0,0,0,0
2010,US RRB,RRB,0,0,0,0
2010,USAID,USAID,1,6,6,1
2010,USCCR,USCCR,0,8,8,0
2010,USDA,AMS,0,0,0,0
2010,USDA,APHIS,0,0,0,0
2010,USDA,ASCR,0,0,0,0
2010,USDA,DM,0,1,1,0
2010,USDA,FAS,0,4,3,1
2010,USDA,FNCS,0,0,0,0
2010,USDA,FS,0,0,0,0
2010,USDA,FSA,2,27,28,1
2010,USDA,FSIS,0,0,0,0
2010,USDA,GIPSA,0,0,0,0
2010,USDA,NAD,0,0,0,0
2010,USDA,NRCS,0,0,0,0
2010,USDA,OBPA,0,0,0,0
2010,USDA,OCFO,0,0,0,0
2010,USDA,OGC,0,0,0,0
2010,USDA,OIG,0,1,1,0
2010,USDA,OSEC,1,4,5,0
2010,USDA,RD,0,0,0,0
2010,USDA,REE,0,0,0,0
2010,USDA,RMA,0,0,0,0
2010,USIBWC,USIBWC,0,0,0,0
2010,USITC,USITC,0,0,0,0
2010,USNRC,USNRC,0,6,6,0
2010,USPS,PS,0,9,9,0
2010,USPS,OIG,0,1,1,0
2010,USPS,PIS,0,10,10,0
2010,USTDA,USTDA,0,0,0,0
2010,USTR,USTR,2,3,4,1
2010,VA,Admin,0,0,0,0
2010,VA,BVA,0,0,0,0
2010,VA,C&LA,1,0,1,0
2010,VA,CFM,0,0,0,0
2010,VA,GC,0,0,0,0
2010,VA,HRM,0,0,0,0
2010,VA,IG,0,0,0,0
2010,VA,Mgmt,0,0,0,0
2010,VA,NCA,0,0,0,0
2010,VA,OAL,0,0,0,0
2010,VA,OASHRA,0,0,0,0
2010,VA,OASP&IA,0,0,0,0
2010,VA,ODASB,0,0,0,0
2010,VA,ODASIA,0,0,0,0
2010,VA,ODI,0,0,0,0
2010,VA,OF,0,0,0,0
2010,VA,OI&T,0,0,0,0
2010,VA,ORM,0,0,0,0
2010,VA,OSDBU,0,0,0,0
2010,VA,OSP,0,4,4,0
2010,VA,P&P,0,0,0,0
2010,VA,PA,0,0,0,0
2010,VA,SEC,0,0,0,0
2010,VA,VBA,2,2,4,0
2010,VA,VHA,1,6,6,1
2011,ABMC,ABMC,0,0,0,0
2011,ACUS,ACUS,0,0,0,0
2011,AFRH,AFRH,0,0,0,0
2011,BBG,BBG,0,0,0,0
2011,CEQ,CEQ,3,17,15,5
2011,CFTC,CFTC,0,0,0,0
2011,CIA,CIA,260,1147,1168,239
2011,CIGIE,CIGIE,0,0,0,0
2011,CNCS,CNCS,0,3,3,0
2011,CO,CO,0,0,0,0
2011,CPPBSD,CPPBSD,0,0,0,0
2011,CSB,CSB,0,0,0,0
2011,CSOSA,CSOSA,0,0,0,0
2011,DHS,CBP,4,27,30,1
2011,DHS,CRCL,0,0,0,0
2011,DHS,FEMA,16,11,27,0
2011,DHS,FLETC,0,1,1,0
2011,DHS,I&A,3,15,18,0
2011,DHS,ICE,0,93,93,0
2011,DHS,MGMT,1,6,7,0
2011,DHS,NPPD,0,0,0,0
2011,DHS,OGC,0,0,0,0
2011,DHS,OIG,0,16,16,0
2011,DHS,OPS,0,2,2,0
2011,DHS,PLCY,0,29,29,0
2011,DHS,PRIV,0,26,26,0
2011,DHS,S&T,0,10,10,0
2011,DHS,TSA,21,40,45,16
2011,DHS,US-VISIT,0,6,6,0
2011,DHS,USCG,13,25,24,14
2011,DHS,USCIS,3,60,63,0
2011,DHS,USSS,8,38,36,10
2011,DNFSB,OGC,0,0,0,0
2011,DNFSB,OGM,0,0,0,0
2011,DOC,BIS,0,7,7,0
2011,DOC,Census,0,2,2,0
2011,DOC,EDA,0,0,0,0
2011,DOC,ESA,0,0,0,0
2011,DOC,ITA,0,10,5,5
2011,DOC,MBDA,0,0,0,0
2011,DOC,NIST,0,3,3,0
2011,DOC,NOAA,0,9,7,2
2011,DOC,NTIA,0,1,1,0
2011,DOC,NTIS,0,0,0,0
2011,DOC,OIG,2,3,5,0
2011,DOC,OS,1,0,1,0
2011,DOC,PTO,0,0,0,0
2011,DoD,AF,52,151,140,63
2011,DoD,AFRICOM,0,24,5,19
2011,DoD,ARMY,88,335,367,56
2011,DoD,ASBCA,0,0,0,0
2011,DoD,CENTCOM,34,63,77,20
2011,DoD,DCAA,0,2,2,0
2011,DoD,DCMA,0,1,1,0
2011,DoD,DeCA,0,0,0,0
2011,DoD,DFAS,0,0,0,0
2011,DoD,DIA,328,200,302,226
2011,DoD,DISA,1,2,1,2
2011,DoD,DLA,1,4,5,0
2011,DoD,DoD IG,0,6,6,0
2011,DoD,DoDEA,0,0,0,0
2011,DoD,DSS,0,0,0,0
2011,DoD,DTIC,0,0,0,0
2011,DoD,DTRA,0,0,0,0
2011,DoD,EUCOM,1,2,2,1
2011,DoD,JFCOM,4,9,13,0
2011,DoD,NAVY,87,249,251,85
2011,DoD,NGA,39,22,46,15
2011,DoD,NGB,0,0,0,0
2011,DoD,NORTHCOM,0,5,5,0
2011,DoD,NRO,8,26,30,4
2011,DoD,NSA,55,298,231,122
2011,DoD,OSD/JS,372,245,236,381
2011,DoD,PACOM,2,10,6,6
2011,DoD,SOCOM,20,92,78,34
2011,DoD,SOUTHCOM,11,14,10,15
2011,DoD,STRATCOM,4,15,18,1
2011,DoD,TRANSCOM,12,4,15,1
2011,DoD,TRICARE,1,17,16,2
2011,DOE,BPA,0,0,0,0
2011,DOE,CBFO,0,0,0,0
2011,DOE,CH,0,1,1,0
2011,DOE,EMCBC,0,0,0,0
2011,DOE,GFO,0,0,0,0
2011,DOE,HQ,80,209,194,95
2011,DOE,ID,0,0,0,0
2011,DOE,NETL,0,0,0,0
2011,DOE,NNSA,0,0,0,0
2011,DOE,NR,0,0,0,0
2011,DOE,NRLFO,0,0,0,0
2011,DOE,ORO,0,72,72,0
2011,DOE,OSTI,0,0,0,0
2011,DOE,ROO,0,0,0,0
2011,DOE,SEPA,0,0,0,0
2011,DOE,SPR,0,0,0,0
2011,DOE,SRO,0,18,18,0
2011,DOE,SWPA,0,0,0,0
2011,DOE,WAPA,0,0,0,0
2011,DOI,BIA,0,0,0,0
2011,DOI,BLM,0,1,1,0
2011,DOI,BOEMRE,0,0,0,0
2011,DOI,BOR,0,0,0,0
2011,DOI,FWS,0,0,0,0
2011,DOI,NPS,0,0,0,0
2011,DOI,OIG,0,3,3,0
2011,DOI,OS,2,1,0,3
2011,DOI,OSM,0,0,0,0
2011,DOI,SOL,0,0,0,0
2011,DOI,USGS,0,0,0,0
2011,DOJ,Office of the AG,4,8,12,0
2011,DOJ,Office of the DAG,4,9,13,0
2011,DOJ,Office of the Assoc. AG,0,1,1,0
2011,DOJ,Antitrust,0,0,0,0
2011,DOJ,ATF,0,4,4,0
2011,DOJ,BOP,0,0,0,0
2011,DOJ,Civil,0,6,6,0
2011,DOJ,Civil Rights,1,4,3,2
2011,DOJ,COPS,0,0,0,0
2011,DOJ,Criminal,1,26,21,6
2011,DOJ,CRS,0,0,0,0
2011,DOJ,DEA,26,104,113,17
2011,DOJ,ENRD,0,2,2,0
2011,DOJ,EOIR,0,0,0,0
2011,DOJ,EOUSA,8,44,48,4
2011,DOJ,EOUST,0,1,1,0
2011,DOJ,FBI,6,103,90,19
2011,DOJ,FCSC,1,0,1,0
2011,DOJ,JMD,2,6,6,2
2011,DOJ,NDIC,0,0,0,0
2011,DOJ,NSD,0,14,14,0
2011,DOJ,OCDETF,0,0,0,0
2011,DOJ,ODR,0,0,0,0
2011,DOJ,OFDT,0,0,0,0
2011,DOJ,OIG,0,0,0,0
2011,DOJ,OIP,1,1,2,0
2011,DOJ,OIPL,0,0,0,0
2011,DOJ,OJP,0,7,7,0
2011,DOJ,OLA,1,5,6,0
2011,DOJ,OLC,0,1,1,0
2011,DOJ,OLP,0,2,2,0
2011,DOJ,OPR,0,0,0,0
2011,DOJ,OSG,0,1,1,0
2011,DOJ,OVW,0,0,0,0
2011,DOJ,Pardon Attorney,0,3,3,0
2011,DOJ,Public Affairs,3,6,9,0
2011,DOJ,PRAO,0,2,2,0
2011,DOJ,TAX,0,0,0,0
2011,DOJ,USMS,0,12,12,0
2011,DOJ,USNCB,0,5,3,2
2011,DOJ,USPC,0,2,2,0
2011,DOT,FAA,1,0,1,0
2011,DOT,FHWA,0,0,0,0
2011,DOT,FMCSA,0,0,0,0
2011,DOT,FRA,0,0,0,0
2011,DOT,FTA,0,0,0,0
2011,DOT,MARAD,0,0,0,0
2011,DOT,NHTSA,0,0,0,0
2011,DOT,OIG,0,7,5,2
2011,DOT,OST,0,6,6,0
2011,DOT,PHMSA,0,1,1,0
2011,DOT,RITA,0,0,0,0
2011,DOT,SLSDC,0,0,0,0
2011,ED,OM-PIRMS,0,0,0,0
2011,EEOC,OLC/HDQ,0,0,0,0
2011,EPA,HQ,27,48,60,15
2011,EPA,Region 1,0,0,0,0
2011,EPA,Region 2,0,0,0,0
2011,EPA,Region 3,0,0,0,0
2011,EPA,Region 4,0,0,0,0
2011,EPA,Region 5,0,0,0,0
2011,EPA,Region 6,0,0,0,0
2011,EPA,Region 7,0,0,0,0
2011,EPA,Region 8,0,0,0,0
2011,EPA,Region 9,0,0,0,0
2011,EPA,Region 10,0,0,0,0
2011,Ex-Im Bank,HQ,0,0,0,0
2011,FCA,FCA,0,0,0,0
2011,FCC,FCC,0,2,2,0
2011,FCSIC,FCSIC,0,0,0,0
2011,FDIC,FDIC,0,22,22,0
2011,FEC,FEC,0,1,1,0
2011,FERC,FERC,0,1,1,0
2011,FFIEC,FFIEC,0,0,0,0
2011,FHFA,FHFA FOIA,0,1,1,0
2011,FHFA,FHFA-OIG,0,0,0,0
2011,FLRA,FSIP,0,0,0,0
2011,FLRA,Authority,0,0,0,0
2011,FLRA,IG,0,0,0,0
2011,FLRA,OGC,0,0,0,0
2011,FLRA,ATRO,0,0,0,0
2011,FLRA,BORO,0,0,0,0
2011,FLRA,CHRO,0,0,0,0
2011,FLRA,DARO,0,0,0,0
2011,FLRA,DERO,0,0,0,0
2011,FLRA,SFRO,0,0,0,0
2011,FLRA,WARO,0,0,0,0
2011,FMC,FMC,0,0,0,0
2011,FMCS,FMCS,0,0,0,0
2011,FMSHRC,FMSHRC,0,0,0,0
2011,FOMC,FOMC,0,0,0,0
2011,FRB,FRB,0,0,0,0
2011,FRTIB,FRTIB,0,0,0,0
2011,FTC,FTC,0,1,1,0
2011,GSA,GSA,0,0,0,0
2011,HHS,ACF,0,0,0,0
2011,HHS,AOA,0,0,0,0
2011,HHS,CMS,0,0,0,0
2011,HHS,OIG,0,0,0,0
2011,HHS,AHRQ,0,0,0,0
2011,HHS,CDC,0,0,0,0
2011,HHS,FDA,0,12,12,0
2011,HHS,HRSA,0,0,0,0
2011,HHS,IHS,0,0,0,0
2011,HHS,NIH,0,4,4,0
2011,HHS,SAMHSA,0,0,0,0
2011,HHS,OS,0,0,0,0
2011,HHS,OASH,0,4,4,0
2011,HUD,HQ,0,0,0,0
2011,HUD,OIG,0,0,0,0
2011,HUD,R01,0,0,0,0
2011,HUD,R02,0,0,0,0
2011,HUD,R03,0,0,0,0
2011,HUD,R04,0,0,0,0
2011,HUD,R05,0,0,0,0
2011,HUD,R06,0,0,0,0
2011,HUD,R07,0,0,0,0
2011,HUD,R08,0,0,0,0
2011,HUD,R09,0,0,0,0
2011,HUD,R0X,0,0,0,0
2011,IAF,IAF,0,0,0,0
2011,IMLS,IMLS,0,1,1,0
2011,LSC,LSC,0,0,0,0
2011,MCC,MCC,0,0,0,0
2011,MSPB,MSPB,0,0,0,0
2011,NARA,NARA,0,0,0,0
2011,NASA,ARC,0,0,0,0
2011,NASA,DFRC,0,0,0,0
2011,NASA,GRC,0,0,0,0
2011,NASA,GSFC,0,0,0,0
2011,NASA,HQ,0,0,0,0
2011,NASA,JPL,0,0,0,0
2011,NASA,JSC,0,0,0,0
2011,NASA,KSC,0,0,0,0
2011,NASA,LaRC,0,0,0,0
2011,NASA,MSFC,0,0,0,0
2011,NASA,NSSC,0,0,0,0
2011,NASA,OGC,0,0,0,0
2011,NASA,OIG,0,0,0,0
2011,NASA,SSC,0,0,0,0
2011,NCPC,NCPC,0,0,0,0
2011,NCUA,NCUA,0,0,0,0
2011,NEA,NEA,0,0,0,0
2011,NEH,NEH,0,1,1,0
2011,NIGC,NIGC,0,0,0,0
2011,NLRB,NLRB,0,0,0,0
2011,NMB,NMB,0,0,0,0
2011,NRPC,NRPC,0,0,0,0
2011,NSF,OGC,1,1,1,1
2011,NSF,OIG,0,0,0,0
2011,NTSB,NTSB,0,0,0,0
2011,ODNI,ODNI,4,14,18,0
2011,OGE,OGE,0,2,2,0
2011,OMB,OMB,2,21,19,4
2011,ONDCP,ONDCP,0,0,0,0
2011,ONHIR,ONHIR,0,0,0,0
2011,OPIC,OPIC,0,1,1,0
2011,OPM,OPM,0,4,4,0
2011,OSC,OSC,0,1,1,0
2011,OSHRC,OSHRC,0,0,0,0
2011,OSTP,OSTP,0,8,8,0
2011,PBGC,PBGC,0,1,1,0
2011,PC,FOIA Office,1,1,1,1
2011,PC,OIG,0,0,0,0
2011,PRC,PRC,0,0,0,0
2011,RATB,RATB,0,0,0,0
2011,SBA,SBA,0,0,0,0
2011,SEC,SEC,0,5,4,1
2011,SIGAR,SIGAR,1,0,1,0
2011,SIGIR,SIGIR,0,0,0,0
2011,SSA,SSA,0,0,0,0
2011,SSS,SSS,0,0,0,0
2011,State,DoS,15293,7535,20961,1867
2011,State,OIG,0,0,0,0
2011,STB,STB,0,0,0,0
2011,Treasury,BEP,0,1,1,0
2011,Treasury,BPD,0,0,0,0
2011,Treasury,CFPB,0,0,0,0
2011,Treasury,DO,11,42,34,19
2011,Treasury,FinCEN,0,8,8,0
2011,Treasury,FMS,1,45,44,2
2011,Treasury,IRS,6,196,193,9
2011,Treasury,MINT,0,0,0,0
2011,Treasury,OCC,0,0,0,0
2011,Treasury,OTS,0,0,0,0
2011,Treasury,TIGTA,1,0,1,0
2011,Treasury,TTB,0,4,4,0
2011,TVA,TVA,0,2,2,0
2011,U.S. CPSC,U.S. CPSC,0,0,0,0
2011,U.S. DOL,ADJ BDS,0,2,1,1
2011,U.S. DOL,ALJ,0,1,1,0
2011,U.S. DOL,ASP,0,4,3,1
2011,U.S. DOL,BLS,0,1,1,0
2011,U.S. DOL,CFO,0,1,1,0
2011,U.S. DOL,EBSA,1,7,8,0
2011,U.S. DOL,ETA,1,11,12,0
2011,U.S. DOL,EXEC SEC,0,1,1,0
2011,U.S. DOL,ILAB,0,1,1,0
2011,U.S. DOL,MSHA,1,2,2,1
2011,U.S. DOL,OASAM,0,0,0,0
2011,U.S. DOL,OCIA,0,1,1,0
2011,U.S. DOL,ODEP,0,0,0,0
2011,U.S. DOL,OFCCP,1,8,9,0
2011,U.S. DOL,OIG,0,0,0,0
2011,U.S. DOL,OLMS,4,9,13,0
2011,U.S. DOL,OPA,0,0,0,0
2011,U.S. DOL,OSEC,1,1,2,0
2011,U.S. DOL,OSHA,15,59,72,2
2011,U.S. DOL,OWCP,0,8,8,0
2011,U.S. DOL,SOL,0,3,3,0
2011,U.S. DOL,VETS,0,4,4,0
2011,U.S. DOL,WB,0,2,2,0
2011,U.S. DOL,WHD,1,6,6,1
2011,US ADF,US ADF,0,0,0,0
2011,US RRB,OIG,0,0,0,0
2011,US RRB,RRB,0,0,0,0
2011,USAID,USAID,0,5,1,4
2011,USCCR,USCCR,0,0,0,0
2011,USDA,AMS,0,0,0,0
2011,USDA,APHIS,0,0,0,0
2011,USDA,ASCR,0,0,0,0
2011,USDA,DM,0,3,3,0
2011,USDA,FAS,1,19,20,0
2011,USDA,FNCS,0,0,0,0
2011,USDA,FS,0,5,4,1
2011,USDA,FSA,1,32,32,1
2011,USDA,FSIS,0,0,0,0
2011,USDA,GIPSA,2,1,2,1
2011,USDA,NAD,0,0,0,0
2011,USDA,NRCS,0,0,0,0
2011,USDA,OBPA,0,4,4,0
2011,USDA,OCFO,0,0,0,0
2011,USDA,OGC,0,0,0,0
2011,USDA,OIG,0,1,1,0
2011,USDA,OSEC/OCIO,0,5,5,0
2011,USDA,RD,0,0,0,0
2011,USDA,REE,1,3,4,0
2011,USDA,RMA,0,0,0,0
2011,USIBWC,USIBWC,0,0,0,0
2011,USITC,USITC,0,0,0,0
2011,USNRC,USNRC,0,12,12,0
2011,USPS,PS,0,3,3,0
2011,USPS,OIG,0,0,0,0
2011,USPS,PIS,0,7,7,0
2011,USTDA,USTDA,0,0,0,0
2011,USTR,USTR,1,11,4,8
2011,VA,Admin,0,0,0,0
2011,VA,BVA,0,0,0,0
2011,VA,C&LA,0,0,0,0
2011,VA,CFM,0,0,0,0
2011,VA,GC,0,0,0,0
2011,VA,HRM,0,0,0,0
2011,VA,IG,0,0,0,0
2011,VA,Mgmt,0,0,0,0
2011,VA,NCA,0,0,0,0
2011,VA,OAL,0,0,0,0
2011,VA,OASHRA,0,0,0,0
2011,VA,OASP&IA,0,0,0,0
2011,VA,ODASB,0,0,0,0
2011,VA,ODASIA,0,0,0,0
2011,VA,ODI,0,0,0,0
2011,VA,OF,0,0,0,0
2011,VA,OIT,0,0,0,0
2011,VA,ORM,0,0,0,0
2011,VA,OSDBU,0,0,0,0
2011,VA,OSP,0,3,3,0
2011,VA,P&P,0,0,0,0
2011,VA,PA,0,0,0,0
2011,VA,SEC,0,0,0,0
2011,VA,VBA,0,0,0,0
2011,VA,VHA,1,3,3,1
2012,ABMC,ABMC,0,0,0,0
2012,ACUS,ACUS,0,0,0,0
2012,AFRH,AFRH,0,0,0,0
2012,BBG,BBG,0,2,2,0
2012,CEQ,CEQ,5,10,13,2
2012,CFTC,CFTC,0,0,0,0
2012,CIA,CIA,239,1116,1007,348
2012,CIGIE,CIGIE,0,0,0,0
2012,CNCS,CNCS,0,0,0,0
2012,CO,CO,0,0,0,0
2012,CPPBSD,CPPBSD,0,0,0,0
2012,CSB,CSB,0,0,0,0
2012,CSOSA,CSOSA,0,0,0,0
2012,DHS,CBP,1,50,46,5
2012,DHS,CRCL,0,4,4,0
2012,DHS,FEMA,2,9,9,2
2012,DHS,FLETC,0,4,4,0
2012,DHS,I&A,1,24,22,3
2012,DHS,ICE,0,88,84,4
2012,DHS,MGMT,0,0,0,0
2012,DHS,NPPD,0,0,0,0
2012,DHS,OGC,0,1,1,0
2012,DHS,OIG,0,2,2,0
2012,DHS,OPS,0,5,5,0
2012,DHS,PLCY,0,13,13,0
2012,DHS,PRIV,0,24,21,3
2012,DHS,S&T,0,6,6,0
2012,DHS,TSA,16,16,22,10
2012,DHS,USCG,14,6,14,6
2012,DHS,USCIS,0,75,72,3
2012,DHS,USSS,9,11,11,9
2012,DNFSB,OGC,0,2,1,1
2012,DNFSB,OGM,0,1,1,0
2012,DOC,BIS,0,0,0,0
2012,DOC,Census,0,3,3,0
2012,DOC,EDA,0,0,0,0
2012,DOC,ESA,0,0,0,0
2012,DOC,ITA,5,12,15,2
2012,DOC,MBDA,0,0,0,0
2012,DOC,NIST,0,16,15,1
2012,DOC,NOAA,2,2,3,1
2012,DOC,NTIA,0,2,1,1
2012,DOC,NTIS,0,0,0,0
2012,DOC,OIG,0,0,0,0
2012,DOC,OS,0,5,5,0
2012,DOC,PTO,0,0,0,0
2012,DoD,AF,61,139,156,44
2012,DoD,AFRICOM,19,24,15,28
2012,DoD,ARMY,111,355,274,192
2012,DoD,ASBCA,0,0,0,0
2012,DoD,CENTCOM,20,80,78,22
2012,DoD,DCAA,0,2,2,0
2012,DoD,DCMA,0,6,6,0
2012,DoD,DeCA,0,0,0,0
2012,DoD,DFAS,0,1,1,0
2012,DoD,DIA,226,305,336,195
2012,DoD,DISA,2,5,3,4
2012,DoD,DLA,0,12,9,3
2012,DoD,DoD IG,1,8,8,1
2012,DoD,DoDEA,0,0,0,0
2012,DoD,DSS,0,0,0,0
2012,DoD,DTIC,0,0,0,0
2012,DoD,DTRA,0,0,0,0
2012,DoD,EUCOM,1,0,0,1
2012,DoD,NAVY,44,453,414,83
2012,DoD,NGA,15,45,35,25
2012,DoD,NGB,0,0,0,0
2012,DoD,NORTHCOM,0,11,9,2
2012,DoD,NRO,4,22,25,1
2012,DoD,NSA,122,350,343,129
2012,DoD,OSD/JS,375,203,356,222
2012,DoD,PACOM,3,8,6,5
2012,DoD,SOCOM,36,72,77,31
2012,DoD,SOUTHCOM,15,9,6,18
2012,DoD,STRATCOM,5,19,15,9
2012,DoD,TRANSCOM,1,0,1,0
2012,DoD,TRICARE,1,15,16,0
2012,DOE,BPA,0,8,8,0
2012,DOE,CBFO,0,0,0,0
2012,DOE,CH,0,4,4,0
2012,DOE,EMCBC,0,1,1,0
2012,DOE,GFO,0,0,0,0
2012,DOE,HQ,95,173,170,98
2012,DOE,ID,0,0,0,0
2012,DOE,NETL,0,0,0,0
2012,DOE,NNSA,0,15,6,9
2012,DOE,NR,0,0,0,0
2012,DOE,NRLFO,0,0,0,0
2012,DOE,ORO,0,61,61,0
2012,DOE,OSTI,0,0,0,0
2012,DOE,ROO,0,0,0,0
2012,DOE,SEPA,0,0,0,0
2012,DOE,SPR,0,0,0,0
2012,DOE,SRO,0,16,16,0
2012,DOE,SWPA,0,0,0,0
2012,DOE,WAPA,0,0,0,0
2012,DOI,BIA,0,0,0,0
2012,DOI,BLM,0,2,2,0
2012,DOI,BOEM,0,1,1,0
2012,DOI,BOR,0,0,0,0
2012,DOI,BSEE,0,0,0,0
2012,DOI,FWS,0,0,0,0
2012,DOI,NPS,0,0,0,0
2012,DOI,OIG,0,4,4,0
2012,DOI,OS,2,9,11,0
2012,DOI,OSM,0,1,1,0
2012,DOI,SOL,0,0,0,0
2012,DOI,USGS,0,0,0,0
2012,DOJ,Office of the AG,2,8,10,0
2012,DOJ,Office of the DAG,1,8,9,0
2012,DOJ,Office of the Assoc. AG,0,1,1,0
2012,DOJ,Antitrust,0,2,2,0
2012,DOJ,ATF,0,15,14,1
2012,DOJ,BOP,0,0,0,0
2012,DOJ,Civil,1,5,6,0
2012,DOJ,Civil Rights,2,45,47,0
2012,DOJ,COPS,0,0,0,0
2012,DOJ,Criminal,6,37,33,10
2012,DOJ,CRS,0,0,0,0
2012,DOJ,DEA,17,131,129,19
2012,DOJ,ENRD,0,1,1,0
2012,DOJ,EOIR,0,1,0,1
2012,DOJ,EOUSA,4,48,46,6
2012,DOJ,EOUST,0,2,2,0
2012,DOJ,FBI,36,188,178,46
2012,DOJ,FCSC,0,1,1,0
2012,DOJ,JMD,2,6,8,0
2012,DOJ,NSD,0,31,31,0
2012,DOJ,OCDETF,0,7,7,0
2012,DOJ,OFDT,0,0,0,0
2012,DOJ,OIG,0,0,0,0
2012,DOJ,OIP,0,4,4,0
2012,DOJ,OIPL,0,0,0,0
2012,DOJ,OJP,0,2,2,0
2012,DOJ,OLA,0,1,1,0
2012,DOJ,OLC,0,5,4,1
2012,DOJ,OLP,0,1,1,0
2012,DOJ,OPR,0,6,5,1
2012,DOJ,OSG,0,4,4,0
2012,DOJ,OVW,0,0,0,0
2012,DOJ,Pardon Attorney,0,0,0,0
2012,DOJ,Public Affairs,0,0,0,0
2012,DOJ,PRAO,0,2,2,0
2012,DOJ,TAX,0,1,1,0
2012,DOJ,USMS,1,33,34,0
2012,DOJ,USNCB,2,11,13,0
2012,DOJ,USPC,0,0,0,0
2012,DOT,FAA,0,0,0,0
2012,DOT,FHWA,0,0,0,0
2012,DOT,FMCSA,0,0,0,0
2012,DOT,FRA,0,0,0,0
2012,DOT,FTA,0,0,0,0
2012,DOT,MARAD,0,0,0,0
2012,DOT,NHTSA,0,0,0,0
2012,DOT,OIG,2,9,10,1
2012,DOT,OST,0,2,2,0
2012,DOT,PHMSA,0,6,5,1
2012,DOT,RITA,0,0,0,0
2012,DOT,SLSDC,0,0,0,0
2012,ED,OM-PIRMS,0,0,0,0
2012,EEOC,ATLANTA,0,0,0,0
2012,EEOC,BIRMINGHAM,0,0,0,0
2012,EEOC,CHARLOTTE,0,0,0,0
2012,EEOC,CHICAGO,0,0,0,0
2012,EEOC,DALLAS,0,0,0,0
2012,EEOC,HOUSTON,0,0,0,0
2012,EEOC,INDIANAPOLIS,0,0,0,0
2012,EEOC,LOS ANGELES,0,0,0,0
2012,EEOC,MEMPHIS,0,0,0,0
2012,EEOC,MIAMI,0,0,0,0
2012,EEOC,NEW YORK,0,0,0,0
2012,EEOC,OLC/HDQ,0,0,0,0
2012,EEOC,PHILADELPHIA,0,0,0,0
2012,EEOC,PHOENIX,0,0,0,0
2012,EEOC,SAN FRANCISCO,0,0,0,0
2012,EEOC,ST. LOUIS,0,0,0,0
2012,EEOC,WFO,0,0,0,0
2012,EPA,HQ,15,61,44,32
2012,EPA,Region 1,0,0,0,0
2012,EPA,Region 2,0,0,0,0
2012,EPA,Region 3,0,4,4,0
2012,EPA,Region 4,0,9,9,0
2012,EPA,Region 5,0,5,5,0
2012,EPA,Region 6,0,1,1,0
2012,EPA,Region 7,0,0,0,0
2012,EPA,Region 8,0,0,0,0
2012,EPA,Region 9,0,0,0,0
2012,EPA,Region 10,0,0,0,0
2012,Ex-Im Bank,HQ,0,0,0,0
2012,FCA,FCA,0,0,0,0
2012,FCC,FCC,1,3,3,1
2012,FCSIC,FCSIC,0,0,0,0
2012,FDIC,FDIC,0,0,0,0
2012,FEC,FEC,0,1,1,0
2012,FERC,FERC,0,0,0,0
2012,FFIEC,FFIEC,0,0,0,0
2012,FHFA,FHFA FOIA,0,1,1,0
2012,FHFA,FHFA-OIG,0,0,0,0
2012,FLRA,FSIP,0,0,0,0
2012,FLRA,Authority,0,0,0,0
2012,FLRA,IG,0,0,0,0
2012,FLRA,OGC,0,0,0,0
2012,FLRA,ATRO,0,0,0,0
2012,FLRA,BORO,0,0,0,0
2012,FLRA,CHRO,0,0,0,0
2012,FLRA,DARO,0,0,0,0
2012,FLRA,DERO,0,0,0,0
2012,FLRA,SFRO,0,0,0,0
2012,FLRA,WARO,0,0,0,0
2012,FMC,FMC,0,0,0,0
2012,FMCS,FMCS,0,0,0,0
2012,FMSHRC,FMSHRC,0,0,0,0
2012,FOMC,FOMC,0,0,0,0
2012,FRB,FRB,0,0,0,0
2012,FRTIB,FRTIB,0,1,0,1
2012,FTC,FTC,0,2,2,0
2012,GSA,GSA,0,0,0,0
2012,HHS,ACF,0,0,0,0
2012,HHS,CMS,0,0,0,0
2012,HHS,OIG,0,1,1,0
2012,HHS,AHRQ,0,0,0,0
2012,HHS,CDC,0,0,0,0
2012,HHS,FDA,0,17,17,0
2012,HHS,HRSA,0,0,0,0
2012,HHS,IHS,0,0,0,0
2012,HHS,NIH,0,2,2,0
2012,HHS,SAMHSA,0,0,0,0
2012,HHS,OS,0,0,0,0
2012,HHS,OASH,0,2,2,0
2012,HHS,ACL,0,0,0,0
2012,HUD,HQ,0,0,0,0
2012,HUD,OIG,0,0,0,0
2012,HUD,R01,0,0,0,0
2012,HUD,R02,0,0,0,0
2012,HUD,R03,0,0,0,0
2012,HUD,R04,0,0,0,0
2012,HUD,R05,0,0,0,0
2012,HUD,R06,0,0,0,0
2012,HUD,R07,0,0,0,0
2012,HUD,R08,0,0,0,0
2012,HUD,R09,0,0,0,0
2012,HUD,R0X,0,0,0,0
2012,IAF,IAF,0,0,0,0
2012,IMLS,IMLS,0,1,1,0
2012,LSC,OLA,0,0,0,0
2012,LSC,OIG,0,0,0,0
2012,MCC,MCC,0,0,0,0
2012,MSPB,MSPB,0,0,0,0
2012,NARA,NARA,0,0,0,0
2012,NASA,ARC,0,0,0,0
2012,NASA,DFRC,0,0,0,0
2012,NASA,GRC,0,0,0,0
2012,NASA,GSFC,0,0,0,0
2012,NASA,HQ,0,0,0,0
2012,NASA,JPL,0,0,0,0
2012,NASA,JSC,0,0,0,0
2012,NASA,KSC,0,0,0,0
2012,NASA,LaRC,0,0,0,0
2012,NASA,MSFC,0,0,0,0
2012,NASA,NSSC,0,0,0,0
2012,NASA,OGC,0,0,0,0
2012,NASA,OIG,0,0,0,0
2012,NASA,SSC,0,0,0,0
2012,NCPC,NCPC,0,0,0,0
2012,NCUA,NCUA,0,0,0,0
2012,NEA,NEA,0,0,0,0
2012,NEH,NEH,0,0,0,0
2012,NIGC,NIGC,0,0,0,0
2012,NLRB,NLRB,0,4,4,0
2012,NMB,NMB,0,0,0,0
2012,NRPC,NRPC,0,0,0,0
2012,NSF,OGC,1,1,2,0
2012,NSF,OIG,0,1,1,0
2012,NTSB,NTSB,0,0,0,0
2012,ODNI,ODNI,0,12,10,2
2012,OGE,OGE,0,0,0,0
2012,OMB,OMB,4,27,29,2
2012,ONDCP,ONDCP,0,0,0,0
2012,ONHIR,ONHIR,0,0,0,0
2012,OPIC,OPIC,0,0,0,0
2012,OPM,OPM,0,20,19,1
2012,OSC,OSC,0,0,0,0
2012,OSHRC,OSHRC,0,0,0,0
2012,OSTP,OSTP,0,3,3,0
2012,PBGC,PBGC,0,0,0,0
2012,PC,FOIA Office,1,1,2,0
2012,PRC,PRC,0,2,2,0
2012,RATB,RATB,0,0,0,0
2012,SBA,SBA,0,0,0,0
2012,SEC,SEC,1,4,5,0
2012,SIGAR,SIGAR,0,0,0,0
2012,SIGIR,SIGIR,0,0,0,0
2012,SSA,SSA,0,1,1,0
2012,SSS,SSS,0,0,0,0
2012,State,DoS,1869,10946,8363,4452
2012,State,OIG,0,0,0,0
2012,STB,STB,0,0,0,0
2012,Treasury,BEP,0,0,0,0
2012,Treasury,BPD,0,0,0,0
2012,Treasury,CFPB,0,2,2,0
2012,Treasury,DO,19,38,40,17
2012,Treasury,FinCEN,0,10,10,0
2012,Treasury,FMS,2,63,57,8
2012,Treasury,IRS,9,206,212,3
2012,Treasury,MINT,0,0,0,0
2012,Treasury,OCC,0,0,0,0
2012,Treasury,TIGTA,0,4,4,0
2012,Treasury,TTB,0,1,1,0
2012,TVA,TVA,0,1,1,0
2012,U.S. CPSC,U.S. CPSC,0,0,0,0
2012,U.S. DOL,ADJ BDS,0,3,3,0
2012,U.S. DOL,ALJ,0,0,0,0
2012,U.S. DOL,ASP,2,0,2,0
2012,U.S. DOL,BLS,0,1,1,0
2012,U.S. DOL,CFO,0,0,0,0
2012,U.S. DOL,EBSA,0,1,1,0
2012,U.S. DOL,ETA,0,5,5,0
2012,U.S. DOL,EXEC SEC,0,0,0,0
2012,U.S. DOL,ILAB,0,3,3,0
2012,U.S. DOL,MSHA,2,0,2,0
2012,U.S. DOL,OASAM,0,3,3,0
2012,U.S. DOL,OCIA,0,0,0,0
2012,U.S. DOL,ODEP,0,0,0,0
2012,U.S. DOL,OFCCP,0,5,5,0
2012,U.S. DOL,OIG,0,0,0,0
2012,U.S. DOL,OLMS,0,2,2,0
2012,U.S. DOL,OPA,0,0,0,0
2012,U.S. DOL,OSEC,0,0,0,0
2012,U.S. DOL,OSHA,3,87,84,6
2012,U.S. DOL,OWCP,0,0,0,0
2012,U.S. DOL,SOL,4,0,3,1
2012,U.S. DOL,VETS,1,1,2,0
2012,U.S. DOL,WB,0,0,0,0
2012,U.S. DOL,WHD,0,7,7,0
2012,US ADF,US ADF,0,0,0,0
2012,US RRB,OIG,0,0,0,0
2012,US RRB,RRB,0,0,0,0
2012,USAID,USAID,4,2,3,3
2012,USCCR,USCCR,0,0,0,0
2012,USDA,AMS,0,0,0,0
2012,USDA,APHIS,0,4,4,0
2012,USDA,ASCR,0,0,0,0
2012,USDA,DM,0,0,0,0
2012,USDA,FAS,0,12,11,1
2012,USDA,FNCS,0,0,0,0
2012,USDA,FS,1,5,6,0
2012,USDA,FSA,0,0,0,0
2012,USDA,FSIS,0,0,0,0
2012,USDA,GIPSA,1,0,1,0
2012,USDA,NAD,0,0,0,0
2012,USDA,NRCS,1,2,3,0
2012,USDA,OBPA,0,5,5,0
2012,USDA,OCFO,0,0,0,0
2012,USDA,OGC,0,0,0,0
2012,USDA,OIG,0,2,2,0
2012,USDA,OSEC/OCIO,0,2,2,0
2012,USDA,RD,0,1,0,1
2012,USDA,REE,0,3,3,0
2012,USDA,RMA,0,0,0,0
2012,USIBWC,USIBWC,0,0,0,0
2012,USITC,USITC,0,1,1,0
2012,USNRC,USNRC,0,5,5,0
2012,USPS,PS,0,4,4,0
2012,USPS,OIG,0,2,2,0
2012,USPS,PIS,0,12,12,0
2012,USTDA,USTDA,0,0,0,0
2012,USTR,USTR,8,3,3,8
2012,VA,Admin,0,0,0,0
2012,VA,BVA,0,0,0,0
2012,VA,C&LA,0,0,0,0
2012,VA,CFM,0,0,0,0
2012,VA,GC,0,0,0,0
2012,VA,HRM,0,0,0,0
2012,VA,IG,0,0,0,0
2012,VA,Mgmt,0,0,0,0
2012,VA,NCA,0,0,0,0
2012,VA,OAL,0,0,0,0
2012,VA,OASHRA,0,0,0,0
2012,VA,OASP&IA,0,0,0,0
2012,VA,ODASB,0,0,0,0
2012,VA,ODASIA,0,0,0,0
2012,VA,ODI,0,0,0,0
2012,VA,OF,0,0,0,0
2012,VA,OIT,0,0,0,0
2012,VA,ORM,0,0,0,0
2012,VA,OSDBU,0,0,0,0
2012,VA,OSP,0,2,2,0
2012,VA,P&P,0,0,0,0
2012,VA,PA,0,0,0,0
2012,VA,SEC,0,0,0,0
2012,VA,VBA,0,0,0,0
2012,VA,VHA,1,6,6,1
2013,ABMC,ABMC,0,0,0,0
2013,ACUS,ACUS,0,0,0,0
2013,AFRH,AFRH,0,0,0,0
2013,BBG,BBG,0,0,0,0
2013,CEQ,CEQ,2,15,0,17
2013,CFPB,CFPB,0,0,0,0
2013,CFTC,CFTC,0,0,0,0
2013,CIA,CIA,348,1005,1138,215
2013,CIGIE,CIGIE,0,1,1,0
2013,CNCS,CNCS,0,0,0,0
2013,CO,CO,0,0,0,0
2013,CPPBSD,CPPBSD,0,0,0,0
2013,CSOSA,CSOSA,0,0,0,0
2013,DHS,CBP,5,66,45,26
2013,DHS,CRCL,0,2,2,0
2013,DHS,FEMA,2,8,9,1
2013,DHS,FLETC,0,1,1,0
2013,DHS,I&A,4,11,15,0
2013,DHS,ICE,4,95,54,45
2013,DHS,NPPD,0,0,0,0
2013,DHS,OIG,0,5,5,0
2013,DHS,OPS,0,10,10,0
2013,DHS,PRIV,0,32,21,11
2013,DHS,S&T,0,3,3,0
2013,DHS,TSA,10,8,3,15
2013,DHS,USCG,6,0,3,3
2013,DHS,USCIS,3,56,58,1
2013,DHS,USSS,10,21,19,12
2013,DNFSB,DNFSB,1,0,1,0
2013,DOC,BIS,0,2,2,0
2013,DOC,Census,0,2,2,0
2013,DOC,EDA,0,1,1,0
2013,DOC,ESA,0,0,0,0
2013,DOC,ITA,1,10,5,6
2013,DOC,MBDA,0,0,0,0
2013,DOC,NIST,1,2,3,0
2013,DOC,NOAA,1,11,12,0
2013,DOC,NTIA,1,2,3,0
2013,DOC,NTIS,0,0,0,0
2013,DOC,OIG,0,0,0,0
2013,DOC,OS,0,3,3,0
2013,DOC,PTO,0,0,0,0
2013,DoD,AF,44,147,123,68
2013,DoD,AFRICOM,28,33,21,40
2013,DoD,ARMY,204,351,398,157
2013,DoD,ASBCA,0,0,0,0
2013,DoD,CENTCOM,22,88,82,28
2013,DoD,DCAA,0,5,5,0
2013,DoD,DCMA,0,5,5,0
2013,DoD,DeCA,0,0,0,0
2013,DoD,DFAS,0,0,0,0
2013,DoD,DIA,181,337,339,179
2013,DoD,DISA,4,5,6,3
2013,DoD,DLA,0,7,7,0
2013,DoD,DoD IG,1,19,20,0
2013,DoD,DoDEA,0,0,0,0
2013,DoD,DSS,0,1,1,0
2013,DoD,DTIC,0,0,0,0
2013,DoD,DTRA,0,14,13,1
2013,DoD,EUCOM,6,18,15,9
2013,DoD,JPRA,0,0,0,0
2013,DoD,NAVY,83,233,261,55
2013,DoD,NGA,28,40,37,31
2013,DoD,NGB,0,0,0,0
2013,DoD,NORTHCOM,4,13,15,2
2013,DoD,NRO,1,62,36,27
2013,DoD,NSA,128,308,266,170
2013,DoD,OSD/JS,217,207,203,221
2013,DoD,PACOM,5,19,14,10
2013,DoD,SOCOM,31,32,39,24
2013,DoD,SOUTHCOM,18,23,16,25
2013,DoD,STRATCOM,10,25,30,5
2013,DoD,TRANSCOM,1,0,0,1
2013,DoD,TRICARE,0,1,0,1
2013,DOE,BPA,0,6,5,1
2013,DOE,CBFO,0,0,0,0
2013,DOE,CH,0,5,5,0
2013,DOE,EMCBC,0,0,0,0
2013,DOE,GFO,0,0,0,0
2013,DOE,HQ,98,167,168,97
2013,DOE,ID,0,0,0,0
2013,DOE,NETL,0,0,0,0
2013,DOE,NNSA,9,17,12,14
2013,DOE,NR,0,0,0,0
2013,DOE,NRLFO,0,0,0,0
2013,DOE,ORO,0,58,57,1
2013,DOE,OSTI,0,0,0,0
2013,DOE,ROO,0,0,0,0
2013,DOE,SEPA,0,0,0,0
2013,DOE,SPR,0,0,0,0
2013,DOE,SRO,0,11,10,1
2013,DOE,SWPA,0,0,0,0
2013,DOE,WAPA,0,0,0,0
2013,DOI,BIA,0,0,0,0
2013,DOI,BLM,0,0,0,0
2013,DOI,BOEM,0,1,1,0
2013,DOI,BOR,0,0,0,0
2013,DOI,BSEE,0,0,0,0
2013,DOI,FWS,0,0,0,0
2013,DOI,NPS,0,0,0,0
2013,DOI,OIG,0,0,0,0
2013,DOI,OS,0,19,18,1
2013,DOI,OSM,0,0,0,0
2013,DOI,SOL,0,0,0,0
2013,DOI,USGS,0,0,0,0
2013,DOJ,Office of the AG,0,8,7,1
2013,DOJ,Office of the DAG,0,10,9,1
2013,DOJ,Office of the Assoc. AG,0,0,0,0
2013,DOJ,Antitrust,0,7,7,0
2013,DOJ,ATF,1,4,5,0
2013,DOJ,BOP,0,0,0,0
2013,DOJ,Civil,4,15,17,2
2013,DOJ,Civil Rights,0,32,32,0
2013,DOJ,COPS,0,0,0,0
2013,DOJ,Criminal,14,66,49,31
2013,DOJ,CRS,0,0,0,0
2013,DOJ,DEA,19,204,213,10
2013,DOJ,ENRD,1,9,9,1
2013,DOJ,EOIR,1,1,2,0
2013,DOJ,EOUSA,6,82,79,9
2013,DOJ,EOUST,0,3,3,0
2013,DOJ,FBI,52,195,123,124
2013,DOJ,FCSC,0,0,0,0
2013,DOJ,JMD,0,17,17,0
2013,DOJ,NSD,0,23,23,0
2013,DOJ,OCDETF,0,1,1,0
2013,DOJ,OIG,0,0,0,0
2013,DOJ,OIP,0,6,4,2
2013,DOJ,OJP,0,1,0,1
2013,DOJ,OLA,0,6,6,0
2013,DOJ,OLC,1,11,12,0
2013,DOJ,OLP,0,3,3,0
2013,DOJ,OPR,1,1,2,0
2013,DOJ,OSG,0,11,9,2
2013,DOJ,OVW,0,0,0,0
2013,DOJ,Pardon Attorney,0,0,0,0
2013,DOJ,Public Affairs,0,1,1,0
2013,DOJ,PRAO,0,1,1,0
2013,DOJ,TAX,0,0,0,0
2013,DOJ,USMS,0,0,0,0
2013,DOJ,USNCB,0,6,6,0
2013,DOJ,USPC,0,1,1,0
2013,DOT,FAA,0,0,0,0
2013,DOT,FHWA,0,0,0,0
2013,DOT,FMCSA,0,0,0,0
2013,DOT,FRA,0,0,0,0
2013,DOT,FTA,0,0,0,0
2013,DOT,MARAD,0,1,1,0
2013,DOT,NHTSA,0,0,0,0
2013,DOT,OIG,1,7,6,2
2013,DOT,OST,0,1,1,0
2013,DOT,PHMSA,1,4,4,1
2013,DOT,RITA,0,0,0,0
2013,DOT,SLSDC,0,0,0,0
2013,ED,ED,0,0,0,0
2013,EEOC,ATLANTA,0,0,0,0
2013,EEOC,BIRMINGHAM,0,0,0,0
2013,EEOC,CHARLOTTE,0,0,0,0
2013,EEOC,CHICAGO,0,0,0,0
2013,EEOC,DALLAS,0,0,0,0
2013,EEOC,HOUSTON,0,0,0,0
2013,EEOC,INDIANAPOLIS,0,0,0,0
2013,EEOC,LOS ANGELES,0,0,0,0
2013,EEOC,MEMPHIS,0,0,0,0
2013,EEOC,MIAMI,0,0,0,0
2013,EEOC,NEW YORK,0,0,0,0
2013,EEOC,OLC/HDQ,0,0,0,0
2013,EEOC,PHILADELPHIA,0,0,0,0
2013,EEOC,PHOENIX,0,0,0,0
2013,EEOC,SAN FRANCISCO,0,0,0,0
2013,EEOC,ST. LOUIS,0,0,0,0
2013,EEOC,WFO,0,0,0,0
2013,EPA,HQ,0,16,12,4
2013,EPA,Region 1,0,0,0,0
2013,EPA,Region 2,0,0,0,0
2013,EPA,Region 3,0,2,2,0
2013,EPA,Region 4,0,0,0,0
2013,EPA,Region 5,0,0,0,0
2013,EPA,Region 6,0,0,0,0
2013,EPA,Region 7,0,0,0,0
2013,EPA,Region 8,0,1,1,0
2013,EPA,Region 9,0,0,0,0
2013,EPA,Region 10,0,0,0,0
2013,Ex-Im Bank,HQ,0,0,0,0
2013,FCA,FCA,0,0,0,0
2013,FCC,FCC,0,2,2,0
2013,FCSIC,FCSIC,0,0,0,0
2013,FDIC,FDIC,0,4,3,1
2013,FEC,FEC,0,1,1,0
2013,FERC,FERC,0,2,2,0
2013,FFIEC,FFIEC,0,0,0,0
2013,FHFA,FHFA-HQ,0,0,0,0
2013,FHFA,FHFA-OIG,0,0,0,0
2013,FLRA,FSIP,0,0,0,0
2013,FLRA,Authority,0,0,0,0
2013,FLRA,IG,0,0,0,0
2013,FLRA,OGC,0,0,0,0
2013,FLRA,ATRO,0,0,0,0
2013,FLRA,BORO,0,0,0,0
2013,FLRA,CHRO,0,0,0,0
2013,FLRA,DARO,0,0,0,0
2013,FLRA,DERO,0,0,0,0
2013,FLRA,SFRO,0,0,0,0
2013,FLRA,WARO,0,0,0,0
2013,FMC,FMC,0,0,0,0
2013,FMCS,FMCS,0,0,0,0
2013,FMSHRC,FMSHRC,0,1,1,0
2013,FOMC,FOMC,0,0,0,0
2013,FRB,FRB,0,6,4,2
2013,FRTIB,FRTIB,1,0,1,0
2013,FTC,FTC,0,1,1,0
2013,GSA,GSA,0,0,0,0
2013,HHS,ACF,0,0,0,0
2013,HHS,CMS,0,0,0,0
2013,HHS,OIG,0,3,3,0
2013,HHS,AHRQ,0,0,0,0
2013,HHS,CDC,0,0,0,0
2013,HHS,FDA,0,27,27,0
2013,HHS,HRSA,0,0,0,0
2013,HHS,IHS,0,0,0,0
2013,HHS,NIH,0,7,7,0
2013,HHS,SAMHSA,0,0,0,0
2013,HHS,OS,0,3,3,0
2013,HHS,OASH,0,3,3,0
2013,HHS,ACL,0,0,0,0
2013,HUD,HQ,0,4,4,0
2013,HUD,OIG,0,0,0,0
2013,HUD,R01,0,0,0,0
2013,HUD,R02,0,0,0,0
2013,HUD,R03,0,2,2,0
2013,HUD,R04,0,0,0,0
2013,HUD,R05,0,0,0,0
2013,HUD,R06,0,0,0,0
2013,HUD,R07,0,0,0,0
2013,HUD,R08,0,0,0,0
2013,HUD,R09,0,0,0,0
2013,HUD,R0X,0,0,0,0
2013,IAF,IAF,0,0,0,0
2013,IMLS,IMLS,0,0,0,0
2013,LSC,OLA,0,0,0,0
2013,LSC,OIG,0,0,0,0
2013,MCC,MCC,0,0,0,0
2013,MSPB,MSPB,0,0,0,0
2013,NARA,NARA,0,2,2,0
2013,NASA,ARC,0,3,3,0
2013,NASA,DFRC,0,1,1,0
2013,NASA,GRC,0,0,0,0
2013,NASA,GSFC,0,0,0,0
2013,NASA,HQ,3,6,8,1
2013,NASA,JPL,0,1,1,0
2013,NASA,JSC,0,0,0,0
2013,NASA,KSC,0,0,0,0
2013,NASA,LaRC,0,3,3,0
2013,NASA,MSFC,0,0,0,0
2013,NASA,NSSC,0,0,0,0
2013,NASA,OGC,0,0,0,0
2013,NASA,OIG,0,0,0,0
2013,NASA,SSC,0,0,0,0
2013,NCPC,NCPC,0,0,0,0
2013,NCUA,NCUA,0,0,0,0
2013,NEA,NEA,0,1,1,0
2013,NEH,NEH,0,0,0,0
2013,NIGC,NIGC,0,0,0,0
2013,NLRB,NLRB,0,4,4,0
2013,NMB,NMB,0,0,0,0
2013,NRPC,NRPC,0,0,0,0
2013,NSF,OGC,0,1,1,0
2013,NSF,OIG,0,0,0,0
2013,NTSB,NTSB,0,0,0,0
2013,ODNI,ODNI,2,9,11,0
2013,OGE,OGE,0,0,0,0
2013,OMB,OMB,2,24,24,2
2013,ONDCP,ONDCP,0,0,0,0
2013,ONHIR,ONHIR,0,0,0,0
2013,OPIC,OPIC,0,3,3,0
2013,OPM,OPM,1,18,19,0
2013,OSC,OSC,0,2,2,0
2013,OSHRC,OSHRC,0,0,0,0
2013,OSTP,OSTP,0,8,8,0
2013,PBGC,PBGC,0,0,0,0
2013,PC,FOIA Office,0,1,0,1
2013,PC,OIG,0,0,0,0
2013,PRC,PRC,0,0,0,0
2013,RATB,RATB,0,0,0,0
2013,SBA,SBA,0,4,4,0
2013,SEC,SEC,0,5,5,0
2013,SSA,SSA,0,42,42,0
2013,SSS,SSS,0,0,0,0
2013,State,DoS,4500,11012,13810,1702
2013,State,OIG,0,0,0,0
2013,STB,STB,0,1,1,0
2013,Treasury,BEP,0,0,0,0
2013,Treasury,BPD,0,0,0,0
2013,Treasury,DO,17,34,24,27
2013,Treasury,FinCEN,0,8,8,0
2013,Treasury,FMS,8,40,43,5
2013,Treasury,IRS,3,148,138,13
2013,Treasury,MINT,0,0,0,0
2013,Treasury,OCC,0,0,0,0
2013,Treasury,TIGTA,0,2,2,0
2013,Treasury,TTB,0,0,0,0
2013,TVA,TVA,0,6,5,1
2013,U.S. CPSC,U.S. CPSC,0,0,0,0
2013,U.S. DOL,ADJ BDS,0,2,2,0
2013,U.S. DOL,ALJ,0,0,0,0
2013,U.S. DOL,ASP,0,0,0,0
2013,U.S. DOL,BLS,0,2,2,0
2013,U.S. DOL,CFO,0,0,0,0
2013,U.S. DOL,EBSA,0,2,2,0
2013,U.S. DOL,ETA,0,0,0,0
2013,U.S. DOL,EXEC SEC,0,0,0,0
2013,U.S. DOL,ILAB,0,0,0,0
2013,U.S. DOL,MSHA,0,0,0,0
2013,U.S. DOL,OASAM,0,1,1,0
2013,U.S. DOL,OCIA,0,0,0,0
2013,U.S. DOL,ODEP,0,0,0,0
2013,U.S. DOL,OFCCP,0,1,1,0
2013,U.S. DOL,OIG,0,0,0,0
2013,U.S. DOL,OLMS,0,0,0,0
2013,U.S. DOL,OPA,0,0,0,0
2013,U.S. DOL,OSEC,0,1,1,0
2013,U.S. DOL,OSHA,4,64,67,1
2013,U.S. DOL,OWCP,0,1,1,0
2013,U.S. DOL,SOL,1,2,3,0
2013,U.S. DOL,VETS,0,4,2,2
2013,U.S. DOL,WB,0,0,0,0
2013,U.S. DOL,WHD,0,10,9,1
2013,US ADF,US ADF,0,0,0,0
2013,US RRB,OIG,0,0,0,0
2013,US RRB,RRB,0,0,0,0
2013,USAID,USAID,3,19,14,8
2013,USCCR,USCCR,0,1,1,0
2013,USDA,AMS,0,1,1,0
2013,USDA,APHIS,0,1,1,0
2013,USDA,ASCR,0,0,0,0
2013,USDA,FAS,1,2,3,0
2013,USDA,FNCS,0,0,0,0
2013,USDA,FS,0,13,10,3
2013,USDA,FSA,0,22,20,2
2013,USDA,FSIS,0,0,0,0
2013,USDA,GIPSA,0,0,0,0
2013,USDA,NAD,0,0,0,0
2013,USDA,NRCS,0,2,2,0
2013,USDA,OBPA,0,1,1,0
2013,USDA,OCFO,0,0,0,0
2013,USDA,OGC,0,0,0,0
2013,USDA,OIG,0,0,0,0
2013,USDA,OSEC/OCIO/DM,0,4,4,0
2013,USDA,RD,1,0,0,1
2013,USDA,REE,0,2,2,0
2013,USDA,RMA,0,0,0,0
2013,USIBWC,USIBWC,0,0,0,0
2013,USITC,USITC,0,1,0,1
2013,USNRC,USNRC,0,7,5,2
2013,USPS,PS,0,0,0,0
2013,USPS,OIG,0,0,0,0
2013,USPS,PIS,0,13,11,2
2013,USTDA,USTDA,0,0,0,0
2013,USTR,USTR,8,7,10,5
2013,VA,Admin,0,0,0,0
2013,VA,BVA,0,0,0,0
2013,VA,C&LA,0,0,0,0
2013,VA,CFM,0,0,0,0
2013,VA,GC,0,0,0,0
2013,VA,HRM,0,0,0,0
2013,VA,IG,0,0,0,0
2013,VA,Mgmt,0,0,0,0
2013,VA,NCA,0,0,0,0
2013,VA,OAL,0,0,0,0
2013,VA,OASHRA,0,0,0,0
2013,VA,OASP&IA,0,0,0,0
2013,VA,ODASB,0,0,0,0
2013,VA,ODASIA,0,0,0,0
2013,VA,ODI,0,0,0,0
2013,VA,OF,0,0,0,0
2013,VA,OIT,0,0,0,0
2013,VA,ORM,0,0,0,0
2013,VA,OSDBU,0,0,0,0
2013,VA,OSP,0,0,0,0
2013,VA,P&P,0,0,0,0
2013,VA,PA,0,0,0,0
2013,VA,SEC,0,0,0,0
2013,VA,VBA,0,0,0,0
2013,VA,VHA,1,0,1,0
2014,ABMC,ABMC,0,0,0,0
2014,ACUS,ACUS,0,0,0,0
2014,AFRH,AFRH,0,0,0,0
2014,BBG,BBG,0,0,0,0
2014,CEQ,CEQ,17,9,21,5
2014,CFPB,CFPB,0,1,1,0
2014,CFTC,CFTC,0,0,0,0
2014,CIA,CIA,215,956,966,205
2014,CIGIE,CIGIE,0,4,4,0
2014,CNCS,CNCS,0,0,0,0
2014,CO,CO,0,0,0,0
2014,CPPBSD,CPPBSD,0,0,0,0
2014,CSB,CSB,0,0,0,0
2014,CSOSA,CSOSA,0,0,0,0
2014,DHS,CBP,32,66,42,56
2014,DHS,CRCL,0,4,4,0
2014,DHS,FEMA,1,4,4,1
2014,DHS,FLETC,0,0,0,0
2014,DHS,I&A,0,23,17,6
2014,DHS,ICE,45,65,67,43
2014,DHS,NPPD,0,0,0,0
2014,DHS,OIG,0,7,6,1
2014,DHS,OPS,0,1,1,0
2014,DHS,PRIV,31,19,27,23
2014,DHS,S&T,0,8,8,0
2014,DHS,TSA,15,15,19,11
2014,DHS,USCG,3,22,7,18
2014,DHS,USCIS,1,53,52,2
2014,DHS,USSS,12,31,24,19
2014,DNFSB,DNFSB,0,0,0,0
2014,DOC,BIS,0,7,7,0
2014,DOC,Census,0,2,2,0
2014,DOC,EDA,0,1,1,0
2014,DOC,ESA,0,0,0,0
2014,DOC,ITA,6,26,6,26
2014,DOC,MBDA,0,0,0,0
2014,DOC,NIST,0,7,7,0
2014,DOC,NOAA,0,7,6,1
2014,DOC,NTIA,0,9,9,0
2014,DOC,NTIS,0,1,1,0
2014,DOC,OIG,0,0,0,0
2014,DOC,OS,0,2,2,0
2014,DOC,PTO,0,1,1,0
2014,DoD,AF,60,150,124,86
2014,DoD,AFRICOM,40,37,32,45
2014,DoD,ARMY,157,361,385,133
2014,DoD,ASBCA,0,0,0,0
2014,DoD,CENTCOM,28,64,73,19
2014,DoD,DCAA,0,3,3,0
2014,DoD,DCMA,0,3,3,0
2014,DoD,DeCA,0,0,0,0
2014,DoD,DFAS,0,0,0,0
2014,DoD,DHA,1,3,4,0
2014,DoD,DIA,179,362,401,140
2014,DoD,DISA,3,6,4,5
2014,DoD,DLA,0,12,12,0
2014,DoD,DoD IG,0,6,5,1
2014,DoD,DoDEA,0,0,0,0
2014,DoD,DSS,0,0,0,0
2014,DoD,DTIC,0,0,0,0
2014,DoD,DTRA,1,16,14,3
2014,DoD,EUCOM,3,11,10,4
2014,DoD,JPRA,0,3,3,0
2014,DoD,NAVY,45,156,128,73
2014,DoD,NGA,31,60,62,29
2014,DoD,NGB,1,1,1,1
2014,DoD,NORTHCOM,2,23,23,2
2014,DoD,NRO,27,75,70,32
2014,DoD,NSA,173,326,277,222
2014,DoD,OSD/JS,220,186,194,212
2014,DoD,PACOM,10,9,14,5
2014,DoD,SOCOM,25,46,33,38
2014,DoD,SOUTHCOM,25,44,35,34
2014,DoD,STRATCOM,6,20,20,6
2014,DoD,TRANSCOM,1,8,4,5
2014,DOE,BPA,1,6,7,0
2014,DOE,CBFO,0,0,0,0
2014,DOE,CH,0,5,4,1
2014,DOE,EMCBC,0,0,0,0
2014,DOE,GFO,0,0,0,0
2014,DOE,HQ,97,151,128,120
2014,DOE,ID,0,0,0,0
2014,DOE,NETL,0,0,0,0
2014,DOE,NNSA,14,7,18,3
2014,DOE,NR,0,0,0,0
2014,DOE,NRLFO,0,0,0,0
2014,DOE,ORO,1,39,40,0
2014,DOE,OSTI,0,0,0,0
2014,DOE,ROO,0,0,0,0
2014,DOE,SEPA,0,0,0,0
2014,DOE,SPR,0,0,0,0
2014,DOE,SRO,1,4,3,2
2014,DOE,SWPA,0,0,0,0
2014,DOE,WAPA,0,0,0,0
2014,DOI,BIA,0,3,3,0
2014,DOI,BLM,0,0,0,0
2014,DOI,BOEM,0,5,5,0
2014,DOI,BOR,0,0,0,0
2014,DOI,BSEE,0,3,3,0
2014,DOI,FWS,0,5,5,0
2014,DOI,NPS,0,0,0,0
2014,DOI,OIG,0,0,0,0
2014,DOI,OS,1,20,21,0
2014,DOI,OSM,0,0,0,0
2014,DOI,SOL,0,0,0,0
2014,DOI,USGS,0,2,1,1
2014,DOJ,Office of the AG,2,8,8,2
2014,DOJ,Office of the DAG,2,9,11,0
2014,DOJ,Office of the Assoc. AG,0,0,0,0
2014,DOJ,Antitrust,0,3,3,0
2014,DOJ,ATF,0,30,17,13
2014,DOJ,BOP,0,0,0,0
2014,DOJ,Civil,0,22,22,0
2014,DOJ,Civil Rights,0,7,7,0
2014,DOJ,COPS,0,0,0,0
2014,DOJ,Criminal,30,53,50,33
2014,DOJ,CRS,0,0,0,0
2014,DOJ,DEA,10,187,179,18
2014,DOJ,ENRD,1,5,6,0
2014,DOJ,EOIR,0,0,0,0
2014,DOJ,EOUSA,9,116,67,58
2014,DOJ,EOUST,0,2,2,0
2014,DOJ,FBI,118,154,202,70
2014,DOJ,FCSC,0,0,0,0
2014,DOJ,JMD,0,11,11,0
2014,DOJ,NSD,0,8,8,0
2014,DOJ,OCDETF,0,0,0,0
2014,DOJ,OIG,0,0,0,0
2014,DOJ,OIP,2,2,3,1
2014,DOJ,OJP,0,9,9,0
2014,DOJ,OLA,0,7,6,1
2014,DOJ,OLC,0,14,14,0
2014,DOJ,OLP,0,1,1,0
2014,DOJ,OPR,0,4,4,0
2014,DOJ,OSG,2,15,17,0
2014,DOJ,OVW,0,0,0,0
2014,DOJ,Pardon Attorney,0,4,4,0
2014,DOJ,Public Affairs,0,3,2,1
2014,DOJ,PRAO,0,0,0,0
2014,DOJ,TAX,0,1,1,0
2014,DOJ,USMS,0,38,38,0
2014,DOJ,USNCB,0,3,3,0
2014,DOJ,USPC,0,0,0,0
2014,DOT,FAA,0,9,5,4
2014,DOT,FHWA,0,1,1,0
2014,DOT,FMCSA,0,0,0,0
2014,DOT,FRA,0,0,0,0
2014,DOT,FTA,0,0,0,0
2014,DOT,MARAD,0,0,0,0
2014,DOT,NHTSA,0,5,5,0
2014,DOT,OIG,2,10,11,1
2014,DOT,OST,0,5,5,0
2014,DOT,PHMSA,1,0,1,0
2014,DOT,RITA,0,0,0,0
2014,DOT,SLSDC,0,0,0,0
2014,ED,OCTAE,0,0,0,0
2014,ED,OSHS,0,0,0,0
2014,ED,FSA,0,0,0,0
2014,ED,IES,0,0,0,0
2014,ED,IES-NAGB,0,0,0,0
2014,ED,M,0,0,0,0
2014,ED,OCFO,0,0,0,0
2014,ED,OCFO-CAM,0,0,0,0
2014,ED,OCIO,0,0,0,0
2014,ED,OCO,0,0,0,0
2014,ED,OCR,0,0,0,0
2014,ED,OCR-1 Boston,0,0,0,0
2014,ED,OCR-2 New York,0,0,0,0
2014,ED,OCR-3 Philadelphia,0,0,0,0
2014,ED,OCR-4 Atlanta,0,0,0,0
2014,ED,OCR-5 Chicago,0,0,0,0
2014,ED,OCR-6 Dallas,0,0,0,0
2014,ED,OCR-7 Kansas City,0,0,0,0
2014,ED,OCR-8 Denver,0,0,0,0
2014,ED,OCR-9 San Francisco,0,0,0,0
2014,ED,OCR-10 Seattle,0,0,0,0
2014,ED,OCR-12 Cleveland,0,0,0,0
2014,ED,OCR-Metro D.C.,0,0,0,0
2014,ED,ODS,0,0,0,0
2014,ED,OESE,0,0,0,0
2014,ED,OGC,0,0,0,0
2014,ED,OIG,0,0,0,0
2014,ED,OII,0,0,0,0
2014,ED,OLCA,0,0,0,0
2014,ED,OM,0,0,0,0
2014,ED,OM-PIRMS,0,0,0,0
2014,ED,OPE,0,0,0,0
2014,ED,OPEPD,0,0,0,0
2014,ED,OS,0,0,0,0
2014,ED,OSERS,0,0,0,0
2014,ED,OUS,0,0,0,0
2014,EEOC,ATLANTA,0,0,0,0
2014,EEOC,BIRMINGHAM,0,0,0,0
2014,EEOC,CHARLOTTE,0,0,0,0
2014,EEOC,CHICAGO,0,0,0,0
2014,EEOC,DALLAS,0,0,0,0
2014,EEOC,HOUSTON,0,0,0,0
2014,EEOC,INDIANAPOLIS,0,0,0,0
2014,EEOC,LOS ANGELES,0,0,0,0
2014,EEOC,MEMPHIS,0,0,0,0
2014,EEOC,MIAMI,0,0,0,0
2014,EEOC,NEW YORK,0,0,0,0
2014,EEOC,OLC/HDQ,0,0,0,0
2014,EEOC,PHILADELPHIA,0,0,0,0
2014,EEOC,PHOENIX,0,0,0,0
2014,EEOC,SAN FRANCISCO,0,0,0,0
2014,EEOC,ST. LOUIS,0,0,0,0
2014,EEOC,WFO,0,0,0,0
2014,EPA,HQ,4,9,13,0
2014,EPA,Region 1,0,0,0,0
2014,EPA,Region 2,0,0,0,0
2014,EPA,Region 3,0,1,1,0
2014,EPA,Region 4,0,0,0,0
2014,EPA,Region 5,0,0,0,0
2014,EPA,Region 6,0,0,0,0
2014,EPA,Region 7,0,0,0,0
2014,EPA,Region 8,0,0,0,0
2014,EPA,Region 9,0,1,1,0
2014,EPA,Region 10,0,0,0,0
2014,Ex-Im Bank,OIG,0,0,0,0
2014,Ex-Im Bank,HQ,0,0,0,0
2014,FCA,FCA,0,1,1,0
2014,FCC,FCC,0,1,1,0
2014,FCSIC,FCSIC,0,0,0,0
2014,FDIC,FDIC,1,1,2,0
2014,FEC,FEC,0,4,2,2
2014,FERC,FERC,0,0,0,0
2014,FFIEC,FFIEC,0,0,0,0
2014,FHFA,FHFA-HQ,0,2,2,0
2014,FHFA,FHFA-OIG,0,0,0,0
2014,FLRA,FSIP,0,0,0,0
2014,FLRA,Authority,0,0,0,0
2014,FLRA,IG,0,0,0,0
2014,FLRA,OGC,0,0,0,0
2014,FLRA,ATRO,0,0,0,0
2014,FLRA,BORO,0,0,0,0
2014,FLRA,CHRO,0,0,0,0
2014,FLRA,DARO,0,0,0,0
2014,FLRA,DERO,0,0,0,0
2014,FLRA,SFRO,0,0,0,0
2014,FLRA,WARO,0,0,0,0
2014,FMCS,FMCS,0,0,0,0
2014,FMSHRC,FMSHRC,0,0,0,0
2014,FOMC,FOMC,0,0,0,0
2014,FRB,FRB,2,6,5,3
2014,FRTIB,FRTIB,0,0,0,0
2014,FTC,FTC,0,12,12,0
2014,GSA,GSA,0,0,0,0
2014,HHS,ACF,0,0,0,0
2014,HHS,CMS,0,0,0,0
2014,HHS,OIG,0,4,4,0
2014,HHS,CDC,0,0,0,0
2014,HHS,FDA,0,11,11,0
2014,HHS,HRSA,0,0,0,0
2014,HHS,IHS,0,0,0,0
2014,HHS,NIH,0,4,4,0
2014,HHS,SAMHSA,0,0,0,0
2014,HHS,OS,0,1,1,0
2014,HHS,OASH,0,0,0,0
2014,HHS,ACL,0,0,0,0
2014,HUD,HQ,0,6,6,0
2014,HUD,OIG,0,0,0,0
2014,HUD,R01,0,0,0,0
2014,HUD,R02,0,0,0,0
2014,HUD,R03,0,0,0,0
2014,HUD,R04,0,2,1,1
2014,HUD,R05,0,0,0,0
2014,HUD,R06,0,0,0,0
2014,HUD,R07,0,0,0,0
2014,HUD,R08,0,0,0,0
2014,HUD,R09,0,0,0,0
2014,HUD,R0X,0,0,0,0
2014,IAF,IAF,0,0,0,0
2014,IMLS,IMLS,0,0,0,0
2014,LSC,OLA,0,0,0,0
2014,LSC,OIG,0,0,0,0
2014,MCC,MCC,0,0,0,0
2014,MSPB,MSPB,0,1,1,0
2014,NARA,NARA,0,8,8,0
2014,NASA,AFRC,0,0,0,0
2014,NASA,ARC,0,0,0,0
2014,NASA,GRC,0,0,0,0
2014,NASA,GSFC,0,0,0,0
2014,NASA,HQ,1,5,4,2
2014,NASA,JPL,0,0,0,0
2014,NASA,JSC,0,0,0,0
2014,NASA,KSC,0,0,0,0
2014,NASA,LaRC,0,0,0,0
2014,NASA,MSFC,0,0,0,0
2014,NASA,NSSC,0,0,0,0
2014,NASA,OGC,0,0,0,0
2014,NASA,OIG,0,2,2,0
2014,NASA,SSC,0,0,0,0
2014,NCPC,NCPC,0,0,0,0
2014,NCUA,NCUA,0,0,0,0
2014,NEA,NEA,0,0,0,0
2014,NEH,NEH,0,0,0,0
2014,NIGC,NIGC,0,0,0,0
2014,NLRB,NLRB,0,2,2,0
2014,NRPC,NRPC,0,0,0,0
2014,NSF,OGC,0,0,0,0
2014,NSF,OIG,0,0,0,0
2014,NTSB,NTSB,0,0,0,0
2014,ODNI,ODNI,0,33,23,10
2014,OGE,OGE,0,0,0,0
2014,OMB,OMB,2,29,29,2
2014,ONDCP,ONDCP,0,4,4,0
2014,ONHIR,ONHIR,0,0,0,0
2014,OPIC,OPIC,0,2,2,0
2014,OPM,OPM,4,9,13,0
2014,OSC,OSC,0,4,4,0
2014,OSHRC,OSHRC,0,0,0,0
2014,OSTP,OSTP,0,9,9,0
2014,PBGC,PBGC,0,0,0,0
2014,PC,FOIA Office,1,0,0,1
2014,PC,OIG,0,0,0,0
2014,PCLOB,PCLOB,0,0,0,0
2014,PRC,PRC,0,0,0,0
2014,RATB,RATB,0,0,0,0
2014,SBA,SBA,0,3,3,0
2014,SEC,SEC,0,12,10,2
2014,SIGAR,SIGAR,0,0,0,0
2014,SSA,SSA,0,22,22,0
2014,SSS,SSS,0,0,0,0
2014,State,DoS,1669,11554,11752,1471
2014,State,OIG,0,0,0,0
2014,STB,STB,0,0,0,0
2014,Treasury,BEP,0,1,1,0
2014,Treasury,DO,18,23,36,5
2014,Treasury,FinCEN,0,17,16,1
2014,Treasury,IRS,13,149,89,73
2014,Treasury,MINT,0,0,0,0
2014,Treasury,OCC,0,0,0,0
2014,Treasury,TIGTA,0,4,3,1
2014,Treasury,TTB,0,1,1,0
2014,Treasury,Fiscal Service,5,5,0,10
2014,TVA,TVA,1,4,5,0
2014,U.S. CPSC,U.S. CPSC,0,0,0,0
2014,U.S. DOL,ADJ BDS,0,0,0,0
2014,U.S. DOL,ALJ,0,1,1,0
2014,U.S. DOL,ASP,0,0,0,0
2014,U.S. DOL,BLS,0,1,1,0
2014,U.S. DOL,CFO,0,0,0,0
2014,U.S. DOL,EBSA,0,0,0,0
2014,U.S. DOL,ETA,0,1,1,0
2014,U.S. DOL,EXEC SEC,0,0,0,0
2014,U.S. DOL,ILAB,0,0,0,0
2014,U.S. DOL,MSHA,0,0,0,0
2014,U.S. DOL,OASAM,0,0,0,0
2014,U.S. DOL,OCIA,0,0,0,0
2014,U.S. DOL,ODEP,0,0,0,0
2014,U.S. DOL,OFCCP,0,0,0,0
2014,U.S. DOL,OIG,0,0,0,0
2014,U.S. DOL,OLMS,0,2,2,0
2014,U.S. DOL,OPA,0,0,0,0
2014,U.S. DOL,OSEC,0,1,1,0
2014,U.S. DOL,OSHA,1,57,57,1
2014,U.S. DOL,OWCP,1,0,1,0
2014,U.S. DOL,SOL,0,0,0,0
2014,U.S. DOL,VETS,2,0,2,0
2014,U.S. DOL,WB,0,0,0,0
2014,U.S. DOL,WHD,1,20,19,2
2014,US ADF,US ADF,0,0,0,0
2014,US RRB,OIG,0,0,0,0
2014,US RRB,RRB,0,0,0,0
2014,USAID,USAID,8,13,12,9
2014,USCCR,USCCR,0,0,0,0
2014,USDA,AMS,0,0,0,0
2014,USDA,APHIS,0,1,1,0
2014,USDA,ASCR,0,0,0,0
2014,USDA,FAS,0,0,0,0
2014,USDA,FNCS,0,0,0,0
2014,USDA,FS,3,4,7,0
2014,USDA,FSA,2,20,20,2
2014,USDA,FSIS,0,0,0,0
2014,USDA,GIPSA,0,0,0,0
2014,USDA,NAD,0,0,0,0
2014,USDA,NRCS,0,0,0,0
2014,USDA,OBPA,0,0,0,0
2014,USDA,OCFO,0,0,0,0
2014,USDA,OGC,0,0,0,0
2014,USDA,OIG,0,8,8,0
2014,USDA,OSEC/OCIO/DM,0,6,6,0
2014,USDA,RD,1,0,0,1
2014,USDA,REE,0,0,0,0
2014,USDA,RMA,0,0,0,0
2014,USIBWC,USIBWC,0,1,1,0
2014,USITC,USITC,1,1,2,0
2014,USNRC,USNRC,2,2,4,0
2014,USPS,PS,0,1,1,0
2014,USPS,OIG,0,0,0,0
2014,USPS,PIS,2,9,10,1
2014,USTDA,USTDA,0,10,9,1
2014,USTR,USTR,5,2,2,5
2014,VA,Admin,0,0,0,0
2014,VA,BVA,0,0,0,0
2014,VA,C&LA,0,0,0,0
2014,VA,CFM,0,0,0,0
2014,VA,GC,0,1,1,0
2014,VA,HRM,0,0,0,0
2014,VA,IG,0,0,0,0
2014,VA,Mgmt,0,0,0,0
2014,VA,NCA,0,0,0,0
2014,VA,OAL,0,0,0,0
2014,VA,OASHRA,0,0,0,0
2014,VA,OASP&IA,0,0,0,0
2014,VA,ODASB,0,0,0,0
2014,VA,ODASIA,0,0,0,0
2014,VA,ODI,0,0,0,0
2014,VA,OF,0,0,0,0
2014,VA,OIT,0,3,2,1
2014,VA,ORM,0,0,0,0
2014,VA,OSDBU,0,0,0,0
2014,VA,OSP,0,0,0,0
2014,VA,P&P,0,0,0,0
2014,VA,PA,0,0,0,0
2014,VA,SEC,0,0,0,0
2014,VA,VBA,0,0,0,0
2014,VA,VHA,0,2,2,0
2015,ABMC,ABMC,0,0,0,0
2015,ACUS,ACUS,0,0,0,0
2015,AFRH,AFRH,0,1,1,0
2015,BBG,BBG,0,1,1,0
2015,CEQ,CEQ,5,21,26,0
2015,CFPB,CFPB,0,3,3,0
2015,CFTC,CFTC,0,0,0,0
2015,CIA,CIA,205,1155,1021,339
2015,CIGIE,CIGIE,0,0,0,0
2015,CNCS,CNCS,0,0,0,0
2015,CO,CO,0,0,0,0
2015,CPPBSD,CPPBSD,0,0,0,0
2015,CSB,CSB,0,0,0,0
2015,CSOSA,CSOSA,0,0,0,0
2015,DHS,CBP,56,59,33,82
2015,DHS,CRCL,0,4,4,0
2015,DHS,FEMA,1,11,10,2
2015,DHS,FLETC,0,2,2,0
2015,DHS,I&A,6,10,16,0
2015,DHS,ICE,43,159,160,42
2015,DHS,NPPD,0,6,5,1
2015,DHS,OIG,1,6,6,1
2015,DHS,PRIV,3,21,24,0
2015,DHS,S&T,0,2,2,0
2015,DHS,TSA,11,14,18,7
2015,DHS,USCG,18,28,13,33
2015,DHS,USCIS,2,55,55,2
2015,DHS,USSS,21,27,31,17
2015,DNFSB,DNFSB,0,0,0,0
2015,DOC,BIS,0,10,10,0
2015,DOC,Census,0,5,5,0
2015,DOC,EDA,0,0,0,0
2015,DOC,ESA,0,0,0,0
2015,DOC,ITA,32,20,5,47
2015,DOC,MBDA,0,1,1,0
2015,DOC,NIST,0,15,15,0
2015,DOC,NOAA,1,12,13,0
2015,DOC,NTIA,0,6,6,0
2015,DOC,NTIS,0,0,0,0
2015,DOC,OIG,0,0,0,0
2015,DOC,OS,0,9,7,2
2015,DOC,PTO,0,1,1,0
2015,DoD,AF,89,160,200,49
2015,DoD,AFRICOM,45,58,37,66
2015,DoD,ARMY,154,336,336,154
2015,DoD,ASBCA,0,0,0,0
2015,DoD,CENTCOM,19,84,61,42
2015,DoD,DCAA,0,4,4,0
2015,DoD,DCMA,0,3,3,0
2015,DoD,DeCA,0,0,0,0
2015,DoD,DFAS,0,0,0,0
2015,DoD,DHA,0,3,2,1
2015,DoD,DIA,141,372,320,193
2015,DoD,DISA,5,15,3,17
2015,DoD,DLA,0,6,6,0
2015,DoD,DoD IG,1,10,9,2
2015,DoD,DoDEA,0,0,0,0
2015,DoD,DSS,0,5,5,0
2015,DoD,DTIC,0,0,0,0
2015,DoD,DTRA,3,16,10,9
2015,DoD,EUCOM,4,3,4,3
2015,DoD,JPRA,0,10,10,0
2015,DoD,NAVY,76,239,252,63
2015,DoD,NGA,29,45,42,32
2015,DoD,NGB,0,2,0,2
2015,DoD,NORTHCOM,2,25,26,1
2015,DoD,NRO,32,44,62,14
2015,DoD,NSA,217,334,200,351
2015,DoD,OSD/JS,215,206,222,199
2015,DoD,PACOM,0,10,10,0
2015,DoD,SOCOM,41,134,117,58
2015,DoD,SOUTHCOM,34,64,70,28
2015,DoD,STRATCOM,0,13,11,2
2015,DoD,TRANSCOM,5,9,11,3
2015,DOE,BPA,0,5,4,1
2015,DOE,CBFO,0,0,0,0
2015,DOE,CH,1,11,12,0
2015,DOE,EMCBC,0,1,1,0
2015,DOE,GFO,0,1,1,0
2015,DOE,HQ,120,207,200,127
2015,DOE,ID,0,0,0,0
2015,DOE,NETL,0,2,1,1
2015,DOE,NNSA,3,6,5,4
2015,DOE,NR,0,0,0,0
2015,DOE,NRLFO,0,0,0,0
2015,DOE,ORO,0,52,52,0
2015,DOE,OSTI,0,0,0,0
2015,DOE,ROO,0,1,1,0
2015,DOE,SEPA,0,0,0,0
2015,DOE,SPR,0,0,0,0
2015,DOE,SRO,2,9,10,1
2015,DOE,SWPA,0,0,0,0
2015,DOE,WAPA,0,0,0,0
2015,DOI,BIA,0,0,0,0
2015,DOI,BLM,0,0,0,0
2015,DOI,BOEM,0,7,7,0
2015,DOI,BOR,0,0,0,0
2015,DOI,BSEE,0,6,6,0
2015,DOI,FWS,0,21,20,1
2015,DOI,NPS,0,0,0,0
2015,DOI,OIG,0,0,0,0
2015,DOI,OS,0,27,25,2
2015,DOI,OSM,0,0,0,0
2015,DOI,SOL,0,0,0,0
2015,DOI,USGS,1,7,8,0
2015,DOJ,Office of the AG,2,9,8,3
2015,DOJ,Office of the DAG,2,7,6,3
2015,DOJ,Office of the Assoc. AG,0,0,0,0
2015,DOJ,Antitrust,0,7,6,1
2015,DOJ,ATF,15,42,35,22
2015,DOJ,BOP,0,28,27,1
2015,DOJ,Civil,0,34,32,2
2015,DOJ,Civil Rights,0,19,19,0
2015,DOJ,COPS,0,3,2,1
2015,DOJ,Criminal,38,43,55,26
2015,DOJ,CRS,0,0,0,0
2015,DOJ,DEA,18,231,221,28
2015,DOJ,ENRD,0,11,11,0
2015,DOJ,EOIR,0,0,0,0
2015,DOJ,EOUSA,58,92,117,33
2015,DOJ,EOUST,0,4,4,0
2015,DOJ,FBI,68,159,159,68
2015,DOJ,FCSC,0,0,0,0
2015,DOJ,JMD,0,8,8,0
2015,DOJ,NSD,0,30,28,2
2015,DOJ,OCDETF,0,6,6,0
2015,DOJ,OIG,0,0,0,0
2015,DOJ,OIP,1,5,4,2
2015,DOJ,OJP,0,0,0,0
2015,DOJ,OLA,1,7,7,1
2015,DOJ,OLC,0,17,17,0
2015,DOJ,OLP,0,0,0,0
2015,DOJ,OPR,0,0,0,0
2015,DOJ,OSG,0,12,7,5
2015,DOJ,OVW,0,0,0,0
2015,DOJ,Pardon Attorney,0,3,3,0
2015,DOJ,Public Affairs,0,2,2,0
2015,DOJ,PRAO,0,1,1,0
2015,DOJ,TAX,0,0,0,0
2015,DOJ,USMS,3,41,44,0
2015,DOJ,USNCB,0,5,5,0
2015,DOJ,USPC,0,0,0,0
2015,DOT,FAA,4,4,7,1
2015,DOT,FHWA,0,0,0,0
2015,DOT,FMCSA,0,0,0,0
2015,DOT,FRA,0,0,0,0
2015,DOT,FTA,0,0,0,0
2015,DOT,MARAD,0,1,1,0
2015,DOT,NHTSA,0,1,1,0
2015,DOT,OIG,1,4,5,0
2015,DOT,OST,0,6,6,0
2015,DOT,PHMSA,0,2,1,1
2015,DOT,RITA,0,0,0,0
2015,DOT,SLSDC,0,0,0,0
2015,ED,OCTAE,0,0,0,0
2015,ED,OSHS,0,0,0,0
2015,ED,OM-OCPO,0,0,0,0
2015,ED,FSA,0,0,0,0
2015,ED,IES,0,0,0,0
2015,ED,IES-NAGB,0,0,0,0
2015,ED,M,0,0,0,0
2015,ED,OCFO,0,0,0,0
2015,ED,OCFO-CAM,0,0,0,0
2015,ED,OCIO,0,0,0,0
2015,ED,OCO,0,0,0,0
2015,ED,OCR,0,0,0,0
2015,ED,OCR-1 Boston,0,0,0,0
2015,ED,OCR-2 New York,0,0,0,0
2015,ED,OCR-3 Philadelphia,0,0,0,0
2015,ED,OCR-4 Atlanta,0,0,0,0
2015,ED,OCR-5 Chicago,0,0,0,0
2015,ED,OCR-6 Dallas,0,0,0,0
2015,ED,OCR-7 Kansas City,0,0,0,0
2015,ED,OCR-8 Denver,0,0,0,0
2015,ED,OCR-9 San Francisco,0,0,0,0
2015,ED,OCR-10 Seattle,0,0,0,0
2015,ED,OCR-12 Cleveland,0,0,0,0
2015,ED,OCR-Metro D.C.,0,0,0,0
2015,ED,ODS,0,0,0,0
2015,ED,OESE,0,0,0,0
2015,ED,OGC,0,0,0,0
2015,ED,OIG,0,0,0,0
2015,ED,OII,0,0,0,0
2015,ED,OLCA,0,0,0,0
2015,ED,OM,0,0,0,0
2015,ED,OPE,0,0,0,0
2015,ED,OPEPD,0,0,0,0
2015,ED,OS,0,0,0,0
2015,ED,OSERS,0,0,0,0
2015,ED,OUS,0,0,0,0
2015,EEOC,ATLANTA,0,0,0,0
2015,EEOC,BIRMINGHAM,0,0,0,0
2015,EEOC,CHARLOTTE,0,0,0,0
2015,EEOC,CHICAGO,0,0,0,0
2015,EEOC,DALLAS,0,0,0,0
2015,EEOC,HOUSTON,0,0,0,0
2015,EEOC,INDIANAPOLIS,0,0,0,0
2015,EEOC,LOS ANGELES,0,0,0,0
2015,EEOC,MEMPHIS,0,0,0,0
2015,EEOC,MIAMI,0,0,0,0
2015,EEOC,NEW YORK,0,0,0,0
2015,EEOC,OLC/HDQ,0,1,1,0
2015,EEOC,PHILADELPHIA,0,0,0,0
2015,EEOC,PHOENIX,0,0,0,0
2015,EEOC,SAN FRANCISCO,0,0,0,0
2015,EEOC,ST. LOUIS,0,0,0,0
2015,EEOC,WFO,0,0,0,0
2015,EPA,HQ,0,12,10,2
2015,EPA,Region 1,0,0,0,0
2015,EPA,Region 2,0,0,0,0
2015,EPA,Region 3,0,1,1,0
2015,EPA,Region 4,0,0,0,0
2015,EPA,Region 5,0,2,1,1
2015,EPA,Region 6,0,0,0,0
2015,EPA,Region 7,0,0,0,0
2015,EPA,Region 8,0,0,0,0
2015,EPA,Region 9,0,0,0,0
2015,EPA,Region 10,0,1,1,0
2015,Ex-Im Bank,OIG,0,0,0,0
2015,Ex-Im Bank,HQ,0,0,0,0
2015,FCA,FCA,0,0,0,0
2015,FCC,FCC,0,1,1,0
2015,FCSIC,FCSIC,0,0,0,0
2015,FDIC,FDIC,0,1,1,0
2015,FEC,FEC,2,0,2,0
2015,FERC,FERC,0,0,0,0
2015,FFIEC,FFIEC,0,0,0,0
2015,FHFA,FHFA-HQ,0,1,0,1
2015,FHFA,FHFA-OIG,0,0,0,0
2015,FLRA,FSIP,0,0,0,0
2015,FLRA,Authority,0,0,0,0
2015,FLRA,IG,0,0,0,0
2015,FLRA,OGC,0,0,0,0
2015,FLRA,ATRO,0,0,0,0
2015,FLRA,BORO,0,0,0,0
2015,FLRA,CHRO,0,0,0,0
2015,FLRA,DARO,0,0,0,0
2015,FLRA,DERO,0,0,0,0
2015,FLRA,SFRO,0,0,0,0
2015,FLRA,WARO,0,0,0,0
2015,FMC,FMC,0,0,0,0
2015,FMCS,FMCS,0,0,0,0
2015,FMSHRC,FMSHRC,0,0,0,0
2015,FOMC,FOMC,0,0,0,0
2015,FRB,FRB,3,3,5,1
2015,FRTIB,FRTIB,0,0,0,0
2015,FTC,FTC,0,3,3,0
2015,GSA,GSA,0,0,0,0
2015,HHS,ACF,0,1,1,0
2015,HHS,CMS,0,0,0,0
2015,HHS,OIG,0,12,12,0
2015,HHS,CDC,0,8,6,2
2015,HHS,FDA,0,15,15,0
2015,HHS,HRSA,0,0,0,0
2015,HHS,IHS,0,0,0,0
2015,HHS,NIH,0,14,14,0
2015,HHS,SAMHSA,0,0,0,0
2015,HHS,OS,0,19,17,2
2015,HHS,OASH,0,0,0,0
2015,HHS,ACL,0,0,0,0
2015,HUD,HQ,0,2,2,0
2015,HUD,OIG,0,0,0,0
2015,HUD,R01,0,0,0,0
2015,HUD,R02,0,0,0,0
2015,HUD,R03,0,0,0,0
2015,HUD,R04,1,6,7,0
2015,HUD,R05,0,0,0,0
2015,HUD,R06,0,0,0,0
2015,HUD,R07,0,0,0,0
2015,HUD,R08,0,0,0,0
2015,HUD,R09,0,0,0,0
2015,HUD,R0X,0,0,0,0
2015,IAF,IAF,0,0,0,0
2015,IMLS,IMLS,0,0,0,0
2015,LSC,OLA,0,0,0,0
2015,LSC,OIG,0,0,0,0
2015,MCC,MCC,0,0,0,0
2015,MSPB,MSPB,0,0,0,0
2015,NARA,NARA,0,4,4,0
2015,NASA,AFRC,0,0,0,0
2015,NASA,ARC,0,0,0,0
2015,NASA,GRC,0,0,0,0
2015,NASA,GSFC,0,0,0,0
2015,NASA,HQ,2,11,13,0
2015,NASA,JPL,0,0,0,0
2015,NASA,JSC,0,0,0,0
2015,NASA,KSC,0,0,0,0
2015,NASA,LaRC,0,0,0,0
2015,NASA,MSFC,0,0,0,0
2015,NASA,NSSC,0,0,0,0
2015,NASA,OGC,0,0,0,0
2015,NASA,OIG,0,0,0,0
2015,NASA,SSC,0,0,0,0
2015,NCPC,NCPC,0,0,0,0
2015,NCUA,NCUA,0,0,0,0
2015,NEA,NEA,0,0,0,0
2015,NEH,NEH,0,0,0,0
2015,NIGC,NIGC,0,0,0,0
2015,NLRB,NLRB,0,4,2,2
2015,NMB,NMB,0,0,0,0
2015,NRPC,NRPC,0,0,0,0
2015,NSF,OGC,0,0,0,0
2015,NSF,OIG,0,0,0,0
2015,NTSB,NTSB,0,0,0,0
2015,ODNI,ODNI,10,69,63,16
2015,OGE,OGE,0,0,0,0
2015,OMB,OMB,2,48,44,6
2015,ONDCP,ONDCP,0,1,1,0
2015,ONHIR,ONHIR,0,0,0,0
2015,OPIC,OPIC,0,1,1,0
2015,OPM,OPM,0,21,19,2
2015,OSC,OSC,0,6,3,3
2015,OSHRC,OSHRC,0,0,0,0
2015,OSTP,OSTP,0,8,8,0
2015,PBGC,PBGC,0,1,1,0
2015,PC,FOIA Office,1,2,1,2
2015,PC,OIG,0,0,0,0
2015,PCLOB,PCLOB,0,0,0,0
2015,PRC,PRC,0,0,0,0
2015,SBA,SBA,0,3,3,0
2015,SEC,SEC,2,12,13,1
2015,SIGAR,SIGAR,0,2,1,1
2015,SSA,SSA,0,4,3,1
2015,SSS,SSS,0,0,0,0
2015,State,DoS,1482,10043,8269,3256
2015,State,OIG,0,0,0,0
2015,STB,STB,0,0,0,0
2015,Treasury,BEP,0,0,0,0
2015,Treasury,DO,4,24,19,9
2015,Treasury,FinCEN,1,30,31,0
2015,Treasury,IRS,59,147,182,24
2015,Treasury,MINT,0,0,0,0
2015,Treasury,OCC,0,0,0,0
2015,Treasury,TIGTA,1,2,2,1
2015,Treasury,TTB,0,1,0,1
2015,Treasury,Fiscal Service,0,3,3,0
2015,TVA,TVA,0,1,1,0
2015,U.S. CPSC,U.S. CPSC,0,0,0,0
2015,U.S. DOL,ADJ BDS,0,2,2,0
2015,U.S. DOL,ALJ,0,1,0,1
2015,U.S. DOL,ASP,0,0,0,0
2015,U.S. DOL,BLS,0,0,0,0
2015,U.S. DOL,CFO,0,0,0,0
2015,U.S. DOL,EBSA,0,2,2,0
2015,U.S. DOL,ETA,0,4,4,0
2015,U.S. DOL,EXEC SEC,0,0,0,0
2015,U.S. DOL,ILAB,0,0,0,0
2015,U.S. DOL,MSHA,0,0,0,0
2015,U.S. DOL,OASAM,0,0,0,0
2015,U.S. DOL,OCIA,0,0,0,0
2015,U.S. DOL,ODEP,0,0,0,0
2015,U.S. DOL,OIG,0,0,0,0
2015,U.S. DOL,OLMS,0,5,5,0
2015,U.S. DOL,OPA,0,0,0,0
2015,U.S. DOL,OSEC,0,0,0,0
2015,U.S. DOL,OSHA,6,48,51,3
2015,U.S. DOL,OWCP,0,2,2,0
2015,U.S. DOL,SOL,0,1,1,0
2015,U.S. DOL,VETS,0,1,1,0
2015,U.S. DOL,WB,0,0,0,0
2015,U.S. DOL,WHD,3,6,6,3
2015,US ADF,US ADF,0,0,0,0
2015,US RRB,OIG,0,0,0,0
2015,US RRB,RRB,0,0,0,0
2015,USAB,USAB,0,0,0,0
2015,USAID,USAID,9,24,25,8
2015,USCCR,USCCR,0,0,0,0
2015,USDA,AMS,0,0,0,0
2015,USDA,APHIS,0,5,3,2
2015,USDA,ASCR,0,0,0,0
2015,USDA,FAS,0,1,1,0
2015,USDA,FNCS,0,0,0,0
2015,USDA,FS,0,4,4,0
2015,USDA,FSA,2,24,24,2
2015,USDA,FSIS,0,0,0,0
2015,USDA,GIPSA,0,0,0,0
2015,USDA,NAD,0,0,0,0
2015,USDA,NRCS,0,2,2,0
2015,USDA,OBPA,0,2,2,0
2015,USDA,OCFO,0,0,0,0
2015,USDA,OGC,0,0,0,0
2015,USDA,OIG,0,8,6,2
2015,USDA,OSEC/OCIO/DM,0,6,6,0
2015,USDA,RD,1,1,1,1
2015,USDA,REE,0,0,0,0
2015,USDA,RMA,0,0,0,0
2015,USIBWC,USIBWC,0,0,0,0
2015,USITC,USITC,0,0,0,0
2015,USNRC,USNRC,0,2,2,0
2015,USPS,PS,0,2,2,0
2015,USPS,OIG,0,2,2,0
2015,USPS,PIS,1,12,13,0
2015,USTDA,USTDA,1,0,1,0
2015,USTR,USTR,5,19,17,7
2015,VA,Admin,0,0,0,0
2015,VA,BVA,0,0,0,0
2015,VA,C&LA,0,0,0,0
2015,VA,CFM,0,0,0,0
2015,VA,GC,0,0,0,0
2015,VA,HRM,0,0,0,0
2015,VA,IG,0,4,4,0
2015,VA,Mgmt,0,0,0,0
2015,VA,NCA,0,0,0,0
2015,VA,OAL,0,1,1,0
2015,VA,OASHRA,0,0,0,0
2015,VA,OASP&IA,0,0,0,0
2015,VA,ODASB,0,0,0,0
2015,VA,ODASIA,0,0,0,0
2015,VA,ODI,0,0,0,0
2015,VA,OIT,1,4,5,0
2015,VA,ORM,0,0,0,0
2015,VA,OSDBU,0,0,0,0
2015,VA,OSP,0,0,0,0
2015,VA,P&P,0,0,0,0
2015,VA,PA,0,0,0,0
2015,VA,SEC,0,0,0,0
2015,VA,VBA,0,6,4,2
2015,VA,VHA,0,3,3,0
